25.674559        loop
25.829296
26.116327
26.649048
27.038843
32.211884        loop
32.336690
32.481815
32.618233
32.716915
32.902676
33.227757
33.619590
36.893604        loop
37.059048
37.160633
37.273830
37.439274
37.468300
37.627937
39.529070        loop
39.819320
39.999275
40.263400
40.338867
40.605896
45.612698        loop
45.818775
46.050976
46.145306
46.275192
46.456600        loop
46.644535
46.769340
46.886894
46.971066
47.165530
84.159270        loop
84.260864
84.292786
84.355194
84.472740
84.527890
84.556915
84.654150
85.106940        loop
85.227394
85.362360
85.482810
85.587300
91.270386        loop
91.521454
91.627396
91.789930
91.910385
92.046810
121.022400        loop
121.166080
121.264760
121.451970
121.650795
121.882996
159.985490        loop
160.172700
160.410700
160.526810
160.615330
160.743040
160.994110
161.055050
161.249530
161.507840
169.485350        loop
169.570970
169.769790
169.849610
170.199370
170.295150
170.501220        loop
170.721820
171.116550
171.415510
171.682540
218.337230        loop
218.507030
218.639100
218.795820
218.895970
219.144130
219.827670        loop
220.023590
220.133880
220.297870
220.469120
220.614240
220.863860        loop
221.019130
221.216500
221.418230
221.586580
221.763630
259.276920        loop
259.329160
259.588930
259.967700
260.078000
260.236180
274.250180        loop
274.385860
274.513550
274.724000
274.896700
275.117280
275.348020        loop
275.446720
275.535250
275.754360
275.921260
276.066400
276.429200        loop
276.575780
276.733980
276.909580
277.040200
277.101140
277.668580        loop
277.903700
277.982060
278.048800
278.124270
278.341950
278.526250
278.790370
279.224330        loop
279.504400
279.592930
279.724980
279.900600
280.031200
282.380830        loop
282.588300
282.779880
282.827760
282.952580
283.081730
283.280550        loop
283.402440
283.504030
283.601260
283.701420
283.871220
284.109200
296.732150        loop
296.839540
297.106570
297.218320
297.556460
297.817700
297.930880        loop
298.238560
298.599900
298.861150
298.923520
299.097700
299.710100        loop
300.027920
300.264500
300.348660
300.486540
300.728880        loop
300.860960
301.017700
301.152650
301.264400
301.574950
301.704130        loop
301.888430
302.093050
302.419600
302.731600
357.408780        loop
357.562620
357.693240
357.752750
357.958830
364.940770        loop
365.093140
365.203460
365.336980
365.596740
365.704130
365.907300        loop
366.037900
366.177250
366.264300
366.600980
366.731600
366.917360
367.902770        loop
368.026120
368.107400
368.188660
368.252500
368.394740
368.529700
368.716920
418.902500        loop
419.298680
419.384300
419.490230
419.725340
419.812440
419.976400
441.996200        loop
442.196470
442.335800
442.392400
442.595550
442.668120
442.878540
472.273560        loop
472.488340
472.616060
472.687160
472.832280
472.978850
473.060150
474.202270        loop
474.337220
474.473660
474.536040
474.743600
474.816130
474.948200
475.312470
490.345950        loop
490.579600
490.726170
490.968540
491.093320
491.263120
522.017940        loop
522.200800
522.405460
522.463500
522.714540
522.890140
523.139800
523.387940
523.599800
523.830570        loop
524.054100
524.138240
524.308040
524.418330
524.530100
524.740500
547.639700        loop
548.079350
548.577640
548.832500
549.110660
588.264100        loop
588.530640
588.739200
589.110000
589.446040
589.874760
595.703200        loop
596.375240
596.908260
597.429700
597.904800
598.472530        loop
599.040340
599.770300
600.407600
601.183960
610.708740        loop
611.253360
611.763200
612.330930
613.212600
614.474600
633.222840        loop
634.485900
635.157960
635.760500
636.455700
637.521700
655.910770        loop
656.455400
656.803040
657.451900
658.042850
658.819200
676.107500        loop
676.791140
677.150300
677.579040
678.123660
799.292050        loop
799.801900
800.589840
800.960630
801.134460
801.458860
804.981450        loop
805.201600
805.572400
805.838870
806.313960
