0.002530	0.0	loop
0.051283	0.0	
0.137655	0.0	
0.245620	0.0	
0.345488	0.0	
0.469647	0.0	
0.574913	0.0	
0.731462	0.0	loop
0.831329	0.0	
0.950091	0.0	
1.071551	0.0	
1.195711	0.0	
1.344162	0.0	
1.541198	0.0	
1.695048	0.0	loop
1.830004	0.0	
2.043235	0.0	
2.326643	0.0	
2.472395	0.0	
2.583059	0.0	
2.731511	0.0	
2.881312	0.0	loop
3.009520	0.0	
3.144476	0.0	
3.241645	0.0	
3.341512	0.0	
3.503460	0.0	
3.678903	0.0	
3.777420	0.0	loop
3.993350	0.0	
4.133704	0.0	
4.294302	0.0	
4.399568	0.0	
4.510232	0.0	
4.700520	0.0	
4.853020	0.0	loop
4.962335	0.0	
5.201207	0.0	
5.288928	0.0	
5.453575	0.0	
5.630367	0.0	
5.768022	0.0	
5.912425	0.0	loop
6.037935	0.0	
6.206630	0.0	
6.324042	0.0	
6.518378	0.0	
6.692472	0.0	
6.820680	0.0	
7.042008	0.0	
7.589929	0.0	
14.661628	0.0	loop
15.258133	0.0	
15.552338	0.0	
15.746674	0.0	
16.202826	0.0	
16.611743	0.0	
17.174510	0.0	
17.892476	0.0	loop
18.170485	0.0	
18.424203	0.0	
18.538990	0.0	
18.796682	0.0	
19.045384	0.0	
19.619914	0.0	loop
19.761748	0.0	
20.022083	0.0	
20.455467	0.0	
20.650978	0.0	
20.840410	0.0	
21.063944	0.0	
21.161538	0.0	
21.309751	0.0	loop
21.453847	0.0	
21.655582	0.0	
21.784609	0.0	
22.100221	0.0	
22.231966	0.0	
22.480982	0.0	loop
22.694213	0.0	
22.976271	0.0	
23.503949	0.0	
24.177380	0.0	
24.364988	0.0	
24.451341	0.0	loop
24.745545	0.0	
24.972271	0.0	
25.174706	0.0	
25.347449	0.0	
25.508047	0.0	
25.628158	0.0	
25.737472	0.0	loop
25.871079	0.0	
25.987141	0.0	
26.126146	0.0	
26.279996	0.0	
26.409554	0.0	
26.714554	0.0	
26.753692	0.0	loop
27.024953	0.0	
27.200396	0.0	
27.348848	0.0	
27.621459	0.0	
27.648450	0.0	loop
27.946703	0.0	
28.224713	0.0	
28.373164	0.0	
28.559404	0.0	
28.686263	0.0	
28.926258	0.0	
28.936417	0.0	loop
29.332231	0.0	
29.690443	0.0	
29.933368	0.0	
30.205116	0.0	
30.394515	0.0	
30.555093	0.0	
30.760962	0.0	loop
30.909188	0.0	
31.032709	0.0	
31.098588	0.0	
31.226226	0.0	
31.337396	0.0	
31.448565	0.0	
31.609143	0.0	loop
31.720312	0.0	
31.815012	0.0	
31.934416	0.0	
32.033233	0.0	
32.156755	0.0	
32.374976	0.0	
32.482028	0.0	
32.716719	0.0	
32.860827	0.0	
33.041992	0.0	
35.664764	0.0	loop
35.808873	0.0	
35.932394	0.0	
36.076503	0.0	
36.191789	0.0	
36.319428	0.0	
36.414128	0.0	
36.500593	0.0	
36.603528	0.0	
36.718814	0.0	
36.838218	0.0	
38.656000	0.0	loop
38.956000	0.0	
39.180000	0.0	
39.236000	0.0	
39.436000	0.0	
39.860000	0.0	
40.111020	0.0	loop
40.243293	0.0	
40.300000	0.0	
40.424000	0.0	
40.488000	0.0	
40.609740	0.0	
40.840314	0.0	loop
40.996000	0.0	
41.095591	0.0	
41.136000	0.0	
41.180000	0.0	
41.243817	0.0	
41.264000	0.0	
41.400278	0.0	loop
41.515564	0.0	
41.620000	0.0	
41.647321	0.0	
41.680000	0.0	
41.700000	0.0	
41.740000	0.0	
41.754373	0.0	loop
41.800000	0.0	
41.869659	0.0	
41.953573	0.0	
42.071411	0.0	
42.178463	0.0	
42.259262	0.0	
42.335780	0.0	loop
42.545396	0.0	
42.650380	0.0	
42.708000	0.0	
42.732000	0.0	
42.822266	0.0	
42.984000	0.0	loop
43.056000	0.0	
43.100000	0.0	
43.152000	0.0	
43.228823	0.0	
43.318368	0.0	
43.406885	0.0	
44.317778	0.0	loop
44.444443	0.0	
44.584000	0.0	
44.653316	0.0	
44.760000	0.0	
44.952000	0.0	
44.984000	0.0	loop
45.140000	0.0	
45.260000	0.0	
45.428000	0.0	
45.549799	0.0	
45.644000	0.0	
45.802996	0.0	
46.016000	0.0	loop
46.127213	0.0	
46.215729	0.0	
46.289835	0.0	
46.360000	0.0	
46.424000	0.0	
46.484000	0.0	loop
46.572881	0.0	
46.616000	0.0	
46.632000	0.0	
46.648000	0.0	
46.704000	0.0	
46.744000	0.0	
46.788000	0.0	
47.072655	0.0	loop
47.162646	0.0	
47.300566	0.0	
47.404000	0.0	
47.504000	0.0	
47.544000	0.0	
47.648000	0.0	
47.816000	0.0	loop
47.844000	0.0	
47.880000	0.0	
47.924000	0.0	
47.968000	0.0	
48.008000	0.0	
48.052000	0.0	
48.092000	0.0	loop
48.120000	0.0	
48.164000	0.0	
48.224000	0.0	
48.288000	0.0	
48.368000	0.0	
48.400000	0.0	
48.416282	0.0	loop
48.555232	0.0	
48.640000	0.0	
48.668000	0.0	
48.804000	0.0	
48.960000	0.0	
49.032000	0.0	
49.404000	0.0	loop
49.476000	0.0	
49.520000	0.0	
49.630806	0.0	
49.724468	0.0	
49.848000	0.0	
49.936000	0.0	
49.988000	0.0	loop
50.073387	0.0	
50.228000	0.0	
50.280000	0.0	
50.390398	0.0	
50.435685	0.0	
50.605513	0.0	loop
50.788000	0.0	
50.888000	0.0	
50.924000	0.0	
50.984000	0.0	
51.000000	0.0	
51.016000	0.0	
54.984850	0.0	loop
55.068000	0.0	
55.096000	0.0	
55.456000	0.0	
55.512000	0.0	
55.548000	0.0	
55.640000	0.0	
55.672548	0.0	loop
55.732000	0.0	
55.756000	0.0	
55.884000	0.0	
55.945302	0.0	
55.992000	0.0	
56.080000	0.0	
56.176000	0.0	loop
56.298337	0.0	
56.361122	0.0	
56.494925	0.0	
56.544000	0.0	
56.659607	0.0	
56.732000	0.0	
56.844000	0.0	loop
56.908000	0.0	
56.988000	0.0	
57.044000	0.0	
57.100000	0.0	
57.128000	0.0	
57.204000	0.0	
62.987030	0.0	loop
62.988000	0.0	
63.056000	0.0	
63.204000	0.0	
63.360000	0.0	
63.442415	0.0	
63.612000	0.0	
63.676000	0.0	
63.720000	0.0	loop
63.864410	0.0	
63.992000	0.0	
64.079525	0.0	
64.140000	0.0	
64.232000	0.0	
64.336840	0.0	
64.453146	0.0	
64.472702	0.0	loop
64.688000	0.0	
64.716000	0.0	
64.886463	0.0	
64.936000	0.0	
65.050115	0.0	
65.172000	0.0	
65.216000	0.0	loop
65.276552	0.0	
65.372273	0.0	
65.508000	0.0	
65.606944	0.0	
65.676933	0.0	
65.788000	0.0	
66.024000	0.0	loop
66.143187	0.0	
66.223469	0.0	
66.324336	0.0	
66.413882	0.0	
66.536000	0.0	
66.877048	0.0	loop
67.041729	0.0	
67.135391	0.0	
67.328000	0.0	
67.462695	0.0	
67.588000	0.0	
67.640000	0.0	
68.054790	0.0	loop
68.196000	0.0	
68.264000	0.0	
68.375647	0.0	
68.463134	0.0	
68.668000	0.0	
68.784000	0.0	
68.964000	0.0	
69.160970	0.0	loop
69.276000	0.0	
69.320000	0.0	
69.481070	0.0	
69.524298	0.0	
69.656000	0.0	
69.716000	0.0	
69.784000	0.0	loop
69.820000	0.0	
69.924000	0.0	
69.948000	0.0	
70.076000	0.0	
70.195374	0.0	
70.344000	0.0	
70.396000	0.0	loop
70.484000	0.0	
70.576000	0.0	
70.694564	0.0	
70.840000	0.0	
71.012000	0.0	
71.072000	0.0	
71.164000	0.0	loop
71.293592	0.0	
71.388000	0.0	
71.452000	0.0	
71.568404	0.0	
71.680000	0.0	
71.768000	0.0	
71.812000	0.0	
71.884000	0.0	loop
72.172000	0.0	
72.304000	0.0	
72.352000	0.0	
72.384000	0.0	
72.704000	0.0	
72.776000	0.0	loop
72.976000	0.0	
73.056000	0.0	
73.104000	0.0	
73.176000	0.0	
73.256000	0.0	
73.520000	0.0	
73.552000	0.0	loop
73.612000	0.0	
73.668000	0.0	
73.900000	0.0	
74.112000	0.0	
74.168000	0.0	
74.988846	0.0	loop
75.148000	0.0	
75.192000	0.0	
75.436000	0.0	
75.816000	0.0	
75.900000	0.0	
75.988000	0.0	
76.072000	0.0	loop
76.116000	0.0	
76.180000	0.0	
76.228000	0.0	
76.366289	0.0	
76.584000	0.0	
76.856000	0.0	
76.981270	0.0	loop
77.844000	0.0	
78.092000	0.0	
78.232000	0.0	
78.332000	0.0	
78.592000	0.0	
78.764000	0.0	loop
78.948000	0.0	
79.004000	0.0	
79.084000	0.0	
79.200000	0.0	
79.404000	0.0	
79.744000	0.0	
79.860000	0.0	
80.242355	0.0	loop
80.260000	0.0	
80.340000	0.0	
80.496000	0.0	
80.616000	0.0	
80.708000	0.0	
80.972000	0.0	
80.984000	0.0	loop
81.312000	0.0	
81.532000	0.0	
81.596000	0.0	
81.652000	0.0	
81.832000	0.0	
82.004000	0.0	loop
82.368000	0.0	
82.468000	0.0	
82.680000	0.0	
82.772000	0.0	
83.032000	0.0	loop
83.136000	0.0	
83.196000	0.0	
83.252000	0.0	
83.543303	0.0	
83.704000	0.0	
83.784000	0.0	
83.820000	0.0	loop
83.908000	0.0	
83.996000	0.0	
84.208000	0.0	
84.308000	0.0	
84.372000	0.0	
84.400160	0.0	loop
84.584912	0.0	
84.952000	0.0	
85.020000	0.0	
85.084000	0.0	
85.312000	0.0	
85.376000	0.0	
85.500000	0.0	
85.739685	0.0	loop
85.884000	0.0	
86.168000	0.0	
86.260000	0.0	
86.308000	0.0	
86.407727	0.0	
86.552000	0.0	loop
86.672000	0.0	
86.828000	0.0	
87.036000	0.0	
87.308000	0.0	
87.456000	0.0	
87.618134	0.0	
87.656000	0.0	loop
87.828000	0.0	
88.036000	0.0	
88.092000	0.0	
88.124000	0.0	
88.204000	0.0	
88.412000	0.0	
88.764000	0.0	loop
88.820000	0.0	
89.020000	0.0	
89.068000	0.0	
89.432000	0.0	
89.456000	0.0	
89.576000	0.0	
90.138271	0.0	loop
90.336000	0.0	
90.476000	0.0	
90.512000	0.0	
90.640035	0.0	
90.740000	0.0	
90.804000	0.0	
90.880881	0.0	
91.064000	0.0	
91.191717	0.0	loop
91.384000	0.0	
91.512000	0.0	
91.832000	0.0	
92.052000	0.0	
92.386400	0.0	loop
92.436000	0.0	
92.472000	0.0	
92.500000	0.0	
92.544000	0.0	
92.704000	0.0	
92.932000	0.0	
94.368000	0.0	loop
94.392000	0.0	
94.488000	0.0	
94.524000	0.0	
94.540000	0.0	
94.620000	0.0	
94.640000	0.0	
94.720000	0.0	loop
94.756000	0.0	
94.780000	0.0	
94.800000	0.0	
94.824000	0.0	
94.848000	0.0	
94.868000	0.0	
94.900000	0.0	
94.928000	0.0	
94.984120	0.0	
96.386030	0.0	loop
96.408000	0.0	
96.440000	0.0	
96.468000	0.0	
96.516000	0.0	
96.628000	0.0	
96.676000	0.0	
96.748000	0.0	loop
96.808000	0.0	
96.928000	0.0	
97.000000	0.0	
97.020000	0.0	
97.040000	0.0	
97.068000	0.0	
97.168000	0.0	
97.477370	0.0	loop
97.600000	0.0	
97.660000	0.0	
97.684000	0.0	
97.752000	0.0	
97.988000	0.0	
98.172000	0.0	loop
98.224000	0.0	
98.244000	0.0	
98.260000	0.0	
98.332000	0.0	
98.404000	0.0	
98.460000	0.0	
98.560000	0.0	loop
98.608000	0.0	
98.716000	0.0	
98.764000	0.0	
98.808000	0.0	
98.904000	0.0	
98.936000	0.0	
99.004000	0.0	loop
99.104000	0.0	
99.136000	0.0	
99.652000	0.0	
99.712000	0.0	
102.063310	0.0	loop
102.092000	0.0	
102.120000	0.0	
102.136000	0.0	
102.172000	0.0	
102.184000	0.0	
102.224000	0.0	
102.252000	0.0	
102.304000	0.0	
102.356000	0.0	
102.400000	0.0	
103.157555	0.0	loop
103.188000	0.0	
103.212000	0.0	
103.228000	0.0	
103.484000	0.0	
103.504000	0.0	
103.596000	0.0	
103.656000	0.0	
103.672000	0.0	
103.820000	0.0	loop
103.852000	0.0	
103.928000	0.0	
103.948000	0.0	
103.964000	0.0	
104.008000	0.0	
104.036000	0.0	
104.072000	0.0	
104.092000	0.0	
104.192000	0.0	loop
104.216000	0.0	
104.248000	0.0	
104.260000	0.0	
104.455260	0.0	
106.820000	0.0	loop
106.860000	0.0	
106.876000	0.0	
106.916000	0.0	
106.940000	0.0	
107.037653	0.0	
108.444000	0.0	loop
108.612000	0.0	
108.676000	0.0	
108.740000	0.0	
108.780000	0.0	
109.096000	0.0	loop
109.180000	0.0	
109.200000	0.0	
109.244000	0.0	
109.296000	0.0	
109.372000	0.0	
109.424000	0.0	
109.444000	0.0	
109.844000	0.0	loop
109.996000	0.0	
110.016000	0.0	
110.068000	0.0	
110.164000	0.0	
110.248000	0.0	
110.400000	0.0	
110.412000	0.0	loop
110.444000	0.0	
110.464000	0.0	
110.480000	0.0	
110.580000	0.0	
110.736000	0.0	loop
110.872000	0.0	
110.900000	0.0	
110.924000	0.0	
110.950745	0.0	
110.985580	0.0	loop
111.132000	0.0	
111.160000	0.0	
111.212000	0.0	
111.244000	0.0	
111.336000	0.0	
111.360000	0.0	
111.408000	0.0	
111.448000	0.0	loop
111.488000	0.0	
111.516000	0.0	
111.572000	0.0	
111.596000	0.0	
111.612000	0.0	
111.644000	0.0	
111.772000	0.0	
111.792000	0.0	loop
111.852000	0.0	
111.904000	0.0	
111.928000	0.0	
111.952000	0.0	
112.000000	0.0	
112.048000	0.0	
112.072000	0.0	
112.108000	0.0	
112.240000	0.0	loop
112.436000	0.0	
112.468000	0.0	
112.552000	0.0	
112.596000	0.0	
112.612000	0.0	
112.715460	0.0	
112.716000	0.0	
112.748000	0.0	
112.759000	0.0	loop
113.016000	0.0	
113.092000	0.0	
113.704000	0.0	
113.760000	0.0	
113.824000	0.0	
113.932000	0.0	
114.019623	0.0	loop
114.116000	0.0	
114.156000	0.0	
114.412000	0.0	
114.456000	0.0	
114.660000	0.0	
114.740000	0.0	
114.900000	0.0	
115.084000	0.0	loop
115.148000	0.0	
115.248000	0.0	
115.320000	0.0	
115.396000	0.0	
115.544000	0.0	
115.680000	0.0	
115.896000	0.0	
115.916000	0.0	
116.220000	0.0	
116.276000	0.0	loop
116.484000	0.0	
116.544000	0.0	
116.628000	0.0	
116.802185	0.0	
116.804000	0.0	
121.089165	0.0	loop
121.392000	0.0	
121.536000	0.0	
121.608000	0.0	
121.892000	0.0	
121.996000	0.0	
122.088000	0.0	
125.968254	0.0	loop
126.060000	0.0	
126.088000	0.0	
126.132000	0.0	
126.148000	0.0	
126.216000	0.0	
126.260000	0.0	
126.384000	0.0	
126.452000	0.0	loop
126.496000	0.0	
126.608000	0.0	
126.656000	0.0	
126.688000	0.0	
126.720000	0.0	loop
126.864000	0.0	
126.956000	0.0	
126.984000	0.0	
127.024000	0.0	
127.116000	0.0	
127.177139	0.0	
127.212000	0.0	loop
127.256000	0.0	
127.304000	0.0	
127.328000	0.0	
127.360000	0.0	
127.432000	0.0	
127.468000	0.0	
127.584000	0.0	loop
127.648000	0.0	
127.756000	0.0	
127.808000	0.0	
127.844000	0.0	
127.868000	0.0	
128.034840	0.0	loop
128.188000	0.0	
128.220000	0.0	
128.240000	0.0	
128.280000	0.0	
128.408000	0.0	
128.672000	0.0	
129.188000	0.0	loop
129.256000	0.0	
129.364000	0.0	
129.564000	0.0	
129.644000	0.0	
129.692000	0.0	
129.760000	0.0	
133.213100	0.0	loop
133.240000	0.0	
133.580000	0.0	
133.620000	0.0	
133.652000	0.0	
133.732000	0.0	
133.788000	0.0	
133.892000	0.0	
134.120000	0.0	loop
134.304000	0.0	
134.460000	0.0	
134.536000	0.0	
134.748000	0.0	
134.896000	0.0	
134.964000	0.0	
135.000000	0.0	loop
135.100000	0.0	
135.172000	0.0	
135.232000	0.0	
135.400000	0.0	
135.604000	0.0	
135.744000	0.0	loop
135.844000	0.0	
135.920000	0.0	
135.948000	0.0	
135.968000	0.0	
136.188000	0.0	
136.332386	0.0	loop
136.500000	0.0	
136.552647	0.0	
136.712000	0.0	
136.936000	0.0	
137.168000	0.0	
137.220000	0.0	
137.304000	0.0	
137.324000	0.0	
137.492000	0.0	
137.845395	0.0	loop
137.940000	0.0	
137.992000	0.0	
138.168000	0.0	
138.312000	0.0	
138.478388	0.0	
139.100000	0.0	loop
139.156000	0.0	
139.272000	0.0	
139.396000	0.0	
139.416000	0.0	
139.448000	0.0	
139.505587	0.0	loop
139.648000	0.0	
139.728000	0.0	
139.864000	0.0	
139.908000	0.0	
140.012000	0.0	loop
140.128000	0.0	
140.288000	0.0	
140.356000	0.0	
140.648000	0.0	
141.232470	0.0	loop
141.356000	0.0	
141.480000	0.0	
141.660000	0.0	
141.984000	0.0	
142.156000	0.0	
142.196000	0.0	
142.296000	0.0	loop
142.336000	0.0	
142.376000	0.0	
142.708000	0.0	
142.760000	0.0	
143.052000	0.0	
143.100000	0.0	
143.116000	0.0	loop
143.352000	0.0	
143.420000	0.0	
143.556000	0.0	
143.584000	0.0	
143.768000	0.0	
143.804000	0.0	
143.900000	0.0	
143.912000	0.0	loop
144.068000	0.0	
144.144000	0.0	
144.268000	0.0	
144.308000	0.0	
144.640000	0.0	
144.804000	0.0	loop
144.896000	0.0	
144.924000	0.0	
144.988000	0.0	
145.132000	0.0	
145.216000	0.0	
145.312000	0.0	
145.400000	0.0	
145.512000	0.0	
145.576000	0.0	loop
145.876000	0.0	
145.912000	0.0	
146.020000	0.0	
146.072000	0.0	
146.144000	0.0	
146.300000	0.0	loop
146.344000	0.0	
146.398910	0.0	
146.456000	0.0	
146.472000	0.0	
146.596000	0.0	
146.652000	0.0	loop
146.744000	0.0	
146.768000	0.0	
146.940000	0.0	
147.216000	0.0	
147.420000	0.0	
147.512000	0.0	
147.616000	0.0	loop
147.816000	0.0	
147.952000	0.0	
148.024000	0.0	
148.112000	0.0	
148.172000	0.0	
148.220000	0.0	
148.484000	0.0	
148.568000	0.0	loop
148.596000	0.0	
148.660000	0.0	
148.716000	0.0	
148.744000	0.0	
148.808000	0.0	
148.824000	0.0	
148.924000	0.0	
148.960000	0.0	
149.028000	0.0	loop
149.080000	0.0	
149.160000	0.0	
149.328000	0.0	
149.372000	0.0	
149.448000	0.0	
149.504000	0.0	
149.692000	0.0	loop
149.828000	0.0	
149.916000	0.0	
150.088000	0.0	
150.148000	0.0	
150.248000	0.0	
150.400000	0.0	
150.601730	0.0	
150.692000	0.0	loop
150.748000	0.0	
151.108000	0.0	
151.160000	0.0	
151.248000	0.0	
151.284000	0.0	
151.300000	0.0	loop
151.780000	0.0	
151.932000	0.0	
152.000000	0.0	
152.040000	0.0	
152.560000	0.0	
152.712000	0.0	
152.772000	0.0	
153.623210	0.0	loop
153.724000	0.0	
153.984000	0.0	
154.528000	0.0	
154.640000	0.0	
154.836000	0.0	
154.868000	0.0	
154.968000	0.0	
155.044000	0.0	
155.080000	0.0	
155.106460	0.0	
163.538150	0.0	loop
163.592000	0.0	
163.640000	0.0	
163.688000	0.0	
163.716000	0.0	
163.736000	0.0	
163.764000	0.0	
164.528000	0.0	loop
164.724000	0.0	
164.828000	0.0	
164.896000	0.0	
164.916000	0.0	
164.936000	0.0	
164.992000	0.0	
165.012000	0.0	
165.132000	0.0	loop
165.188000	0.0	
165.232000	0.0	
165.284000	0.0	
165.320000	0.0	
165.392000	0.0	
165.448000	0.0	loop
165.492000	0.0	
165.516000	0.0	
165.604000	0.0	
165.624000	0.0	
165.688000	0.0	
165.744000	0.0	
165.884000	0.0	
165.928000	0.0	loop
166.028000	0.0	
166.052000	0.0	
166.220000	0.0	
166.260000	0.0	
166.340000	0.0	
166.376000	0.0	
166.420000	0.0	loop
166.612000	0.0	
166.656000	0.0	
166.712000	0.0	
166.772000	0.0	
166.815060	0.0	
166.838270	0.0	loop
166.968000	0.0	
167.060000	0.0	
167.120000	0.0	
167.244000	0.0	
167.404000	0.0	
167.432000	0.0	
167.452000	0.0	loop
167.684000	0.0	
167.844000	0.0	
168.280000	0.0	
168.336000	0.0	
168.416000	0.0	
168.712000	0.0	loop
168.999996	0.0	
169.068000	0.0	
169.260000	0.0	
169.316000	0.0	
169.340000	0.0	
169.482530	0.0	loop
169.524000	0.0	
169.584000	0.0	
169.700000	0.0	
169.720000	0.0	
169.764000	0.0	
170.100000	0.0	loop
170.164000	0.0	
170.471834	0.0	
170.581965	0.0	
170.857806	0.0	
171.232000	0.0	
171.279801	0.0	loop
171.532000	0.0	
171.560000	0.0	
171.636000	0.0	
171.696000	0.0	
172.300000	0.0	
172.356000	0.0	loop
172.424000	0.0	
172.560000	0.0	
172.580000	0.0	
172.771440	0.0	
172.904500	0.0	loop
172.972000	0.0	
173.020000	0.0	
173.036000	0.0	
173.120000	0.0	
173.188000	0.0	
173.296000	0.0	
173.392000	0.0	loop
173.554640	0.0	
173.920000	0.0	
174.260000	0.0	
174.432000	0.0	
174.468000	0.0	
174.544000	0.0	
174.952000	0.0	loop
175.028358	0.0	
175.088000	0.0	
175.140000	0.0	
175.188000	0.0	
175.300000	0.0	
175.360000	0.0	loop
175.560270	0.0	
175.880000	0.0	
176.460000	0.0	
176.508000	0.0	
177.095690	0.0	loop
177.096000	0.0	
177.168000	0.0	
177.236000	0.0	
177.268000	0.0	
177.312000	0.0	
177.344000	0.0	
177.368000	0.0	
181.577150	0.0	loop
181.624000	0.0	
181.748000	0.0	
181.824000	0.0	
181.892000	0.0	
181.912000	0.0	
181.948000	0.0	loop
182.112000	0.0	
182.156000	0.0	
182.196000	0.0	
182.264000	0.0	
182.320000	0.0	
182.524000	0.0	
192.348300	0.0	loop
192.492000	0.0	
192.912000	0.0	
193.048000	0.0	
193.096000	0.0	
193.432000	0.0	
193.720000	0.0	
194.100000	0.0	
194.236000	0.0	
194.752000	0.0	loop
194.872000	0.0	
195.068000	0.0	
195.468000	0.0	
195.544000	0.0	
195.664000	0.0	
195.904000	0.0	
195.944000	0.0	loop
196.052000	0.0	
196.108000	0.0	
196.192000	0.0	
196.288000	0.0	
196.320000	0.0	
196.488000	0.0	
196.508000	0.0	
196.548000	0.0	loop
197.228000	0.0	
197.400000	0.0	
197.524000	0.0	
197.704000	0.0	
197.784000	0.0	
197.903610	0.0	
197.920000	0.0	loop
198.000000	0.0	
198.156000	0.0	
198.488000	0.0	
198.564000	0.0	
198.600000	0.0	
198.724000	0.0	
198.744000	0.0	loop
198.948000	0.0	
199.020000	0.0	
199.044000	0.0	
199.124000	0.0	
199.164000	0.0	
199.240000	0.0	
199.288000	0.0	
199.396000	0.0	loop
199.448000	0.0	
199.540000	0.0	
199.608000	0.0	
199.740000	0.0	
199.760000	0.0	
199.776000	0.0	
199.832000	0.0	loop
199.856000	0.0	
199.880000	0.0	
199.896000	0.0	
199.920000	0.0	
199.960000	0.0	
199.988000	0.0	
200.004000	0.0	
200.024000	0.0	
200.432000	0.0	loop
200.632000	0.0	
200.872000	0.0	
200.944000	0.0	
200.968000	0.0	
200.988000	0.0	
201.040000	0.0	
201.064000	0.0	
201.096000	0.0	
201.136000	0.0	
203.122360	0.0	loop
203.276000	0.0	
203.356000	0.0	
203.416000	0.0	
203.508000	0.0	
203.572000	0.0	
203.768000	0.0	
204.156000	0.0	
204.211931	0.0	loop
204.296000	0.0	
204.340000	0.0	
204.384000	0.0	
204.716000	0.0	
204.760000	0.0	
204.796000	0.0	
204.892000	0.0	loop
205.032000	0.0	
205.072000	0.0	
205.092000	0.0	
205.128000	0.0	
205.148000	0.0	
206.680820	0.0	loop
207.144000	0.0	
207.236000	0.0	
207.732000	0.0	
207.888000	0.0	
207.984000	0.0	
208.132000	0.0	loop
208.252000	0.0	
208.276000	0.0	
208.448000	0.0	
208.468000	0.0	
208.540000	0.0	
208.704000	0.0	
208.980000	0.0	
209.000000	0.0	
209.200000	0.0	
209.268000	0.0	
209.392000	0.0	
209.484000	0.0	loop
209.928000	0.0	
210.168000	0.0	
210.356000	0.0	
210.516000	0.0	
210.824000	0.0	
211.100000	0.0	
211.256000	0.0	
211.868000	0.0	
212.000000	0.0	
212.140000	0.0	
212.364000	0.0	
212.412000	0.0	loop
212.452000	0.0	
212.544000	0.0	
212.604000	0.0	
212.780000	0.0	
212.848000	0.0	
212.960000	0.0	
212.992000	0.0	
213.056000	0.0	
213.428000	0.0	loop
213.600000	0.0	
213.932000	0.0	
213.992000	0.0	
214.036000	0.0	
214.416000	0.0	
214.596000	0.0	loop
214.672000	0.0	
214.712000	0.0	
215.244000	0.0	
215.560000	0.0	
215.680000	0.0	
215.744000	0.0	loop
215.840000	0.0	
216.100000	0.0	
216.292000	0.0	
216.428000	0.0	
216.612000	0.0	
216.688000	0.0	loop
216.784000	0.0	
217.044000	0.0	
217.400000	0.0	
217.420000	0.0	
217.530525	0.0	
217.596398	0.0	loop
217.756000	0.0	
217.828000	0.0	
217.964000	0.0	
218.116000	0.0	
218.192000	0.0	
218.224000	0.0	
218.248000	0.0	
218.348000	0.0	
218.440000	0.0	
218.464000	0.0	
218.807834	0.0	
218.825331	0.0	loop
218.940000	0.0	
218.984000	0.0	
219.128000	0.0	
219.192000	0.0	
219.284000	0.0	
219.348000	0.0	
219.376000	0.0	
219.456000	0.0	loop
219.608000	0.0	
219.724000	0.0	
219.812000	0.0	
220.000000	0.0	
220.024000	0.0	
220.372000	0.0	
221.350020	0.0	loop
221.664000	0.0	
222.468000	0.0	
222.696000	0.0	
222.760000	0.0	
222.800000	0.0	
222.876000	0.0	
222.958830	0.0	loop
223.100000	0.0	
223.176000	0.0	
223.284000	0.0	
223.436000	0.0	
223.506580	0.0	
223.521090	0.0	loop
223.560000	0.0	
223.624000	0.0	
223.884000	0.0	
223.900000	0.0	
223.960000	0.0	
223.976000	0.0	
224.060000	0.0	
224.136000	0.0	loop
224.283485	0.0	
224.400000	0.0	
224.740000	0.0	
224.822130	0.0	
224.824310	0.0	loop
224.872000	0.0	
225.124000	0.0	
225.416000	0.0	
225.516000	0.0	
225.540000	0.0	
225.568000	0.0	
225.784000	0.0	loop
225.986906	0.0	
226.164968	0.0	
226.252000	0.0	
226.360000	0.0	
226.603530	0.0	
226.604000	0.0	
226.623860	0.0	loop
227.156000	0.0	
227.556000	0.0	
227.812000	0.0	
227.956000	0.0	
228.072000	0.0	
228.212000	0.0	loop
228.600000	0.0	
228.700000	0.0	
228.968000	0.0	
229.041280	0.0	
229.042720	0.0	loop
229.440000	0.0	
229.660000	0.0	
229.784867	0.0	
230.092000	0.0	
230.160000	0.0	loop
230.348000	0.0	
230.404000	0.0	
230.508000	0.0	
230.580000	0.0	
230.724000	0.0	
230.920000	0.0	
230.996000	0.0	loop
231.068000	0.0	
231.144000	0.0	
231.464000	0.0	
231.716000	0.0	
231.816000	0.0	
232.056000	0.0	
232.244000	0.0	
232.412000	0.0	loop
232.572000	0.0	
232.608000	0.0	
232.776000	0.0	
232.972000	0.0	
233.124000	0.0	
233.515240	0.0	loop
233.608000	0.0	
233.696000	0.0	
233.836000	0.0	
234.088000	0.0	
234.212000	0.0	
234.223026	0.0	loop
234.428000	0.0	
234.688000	0.0	
234.704000	0.0	
234.988000	0.0	
235.084000	0.0	
235.260000	0.0	
235.352000	0.0	
235.380000	0.0	loop
235.460000	0.0	
235.608000	0.0	
235.664000	0.0	
235.796000	0.0	
235.836000	0.0	
235.888000	0.0	
236.016000	0.0	loop
236.244000	0.0	
236.372000	0.0	
236.436000	0.0	
236.796000	0.0	
237.088000	0.0	
237.220000	0.0	
237.608340	0.0	
237.636500	0.0	loop
238.018929	0.0	
238.328000	0.0	
238.416000	0.0	
238.632000	0.0	
238.918820	0.0	loop
239.010104	0.0	
239.067742	0.0	
239.153171	0.0	
239.296000	0.0	
239.355934	0.0	
239.413700	0.0	loop
240.176000	0.0	
240.396000	0.0	
240.804000	0.0	
240.884000	0.0	
241.116000	0.0	
241.252000	0.0	
241.472000	0.0	
241.625020	0.0	
241.632660	0.0	loop
241.756000	0.0	
241.872000	0.0	
242.124000	0.0	
242.436000	0.0	
242.612000	0.0	
242.804000	0.0	loop
242.876000	0.0	
242.896000	0.0	
242.936000	0.0	
243.076000	0.0	
243.104000	0.0	
243.168080	0.0	
243.176770	0.0	loop
243.356000	0.0	
243.568000	0.0	
243.616000	0.0	
243.828000	0.0	
243.920000	0.0	
244.092000	0.0	
244.284020	0.0	loop
244.448000	0.0	
244.540000	0.0	
244.628000	0.0	
244.664000	0.0	
244.716000	0.0	
244.816000	0.0	
244.868000	0.0	
244.928000	0.0	
245.116000	0.0	loop
245.228000	0.0	
245.352000	0.0	
245.396000	0.0	
245.484000	0.0	
245.504000	0.0	
245.553920	0.0	
245.562640	0.0	loop
245.624000	0.0	
245.732000	0.0	
246.022436	0.0	
246.228000	0.0	
246.300000	0.0	
246.488000	0.0	
246.512000	0.0	loop
246.768000	0.0	
246.828000	0.0	
246.952000	0.0	
247.016000	0.0	
247.036000	0.0	
247.153200	0.0	
247.169160	0.0	loop
247.648000	0.0	
247.856000	0.0	
248.208000	0.0	
248.616000	0.0	
248.872000	0.0	
248.888000	0.0	loop
249.112000	0.0	
249.472000	0.0	
249.792000	0.0	
250.284000	0.0	
250.380770	0.0	
250.395280	0.0	loop
250.616000	0.0	
250.780000	0.0	
250.828000	0.0	
251.038009	0.0	
251.090501	0.0	
251.856000	0.0	loop
252.064000	0.0	
252.216000	0.0	
252.272000	0.0	
252.360000	0.0	
252.392000	0.0	
252.492000	0.0	
252.592000	0.0	
252.672000	0.0	loop
252.724000	0.0	
252.756000	0.0	
253.076000	0.0	
253.192000	0.0	
253.484000	0.0	loop
253.820000	0.0	
253.980000	0.0	
254.052000	0.0	
254.264000	0.0	
254.320000	0.0	
254.372000	0.0	loop
254.420000	0.0	
254.448000	0.0	
254.504000	0.0	
254.747454	0.0	
254.832000	0.0	
254.904000	0.0	
255.508000	0.0	loop
255.548000	0.0	
255.832000	0.0	
255.924000	0.0	
255.996000	0.0	
256.076000	0.0	
256.104000	0.0	
256.284000	0.0	loop
256.332000	0.0	
256.360000	0.0	
256.480000	0.0	
256.676000	0.0	
256.820000	0.0	
256.924000	0.0	
257.312000	0.0	loop
257.368000	0.0	
257.392000	0.0	
257.432000	0.0	
257.476000	0.0	
257.736000	0.0	
257.764000	0.0	
257.888000	0.0	loop
258.040000	0.0	
258.248000	0.0	
258.328000	0.0	
258.368000	0.0	
258.476000	0.0	
258.524000	0.0	
258.745091	0.0	
264.856960	0.0	loop
264.956000	0.0	
265.004000	0.0	
265.044000	0.0	
265.080000	0.0	
265.144000	0.0	
265.168000	0.0	
265.208000	0.0	
265.248000	0.0	
265.320000	0.0	
265.336000	0.0	loop
265.412000	0.0	
265.468000	0.0	
265.612000	0.0	
265.648000	0.0	
265.732000	0.0	
265.824000	0.0	
265.848000	0.0	
265.892000	0.0	
265.940000	0.0	
266.028000	0.0	
266.160000	0.0	loop
266.204000	0.0	
266.356000	0.0	
266.376000	0.0	
266.424000	0.0	
266.528000	0.0	loop
266.616000	0.0	
266.660000	0.0	
266.680000	0.0	
266.704000	0.0	
266.724000	0.0	
266.744000	0.0	
266.828000	0.0	
266.872000	0.0	loop
266.916000	0.0	
267.096000	0.0	
267.156000	0.0	
267.200000	0.0	
267.232000	0.0	
267.272000	0.0	
267.300000	0.0	
267.368000	0.0	
267.432000	0.0	loop
267.596000	0.0	
267.768000	0.0	
267.860000	0.0	
267.912000	0.0	
267.928000	0.0	
267.944000	0.0	
267.968000	0.0	loop
268.480000	0.0	
268.660000	0.0	
268.684000	0.0	
268.712000	0.0	
268.744000	0.0	
268.756000	0.0	
268.792000	0.0	
268.868000	0.0	
269.056000	0.0	
269.140000	0.0	loop
269.164000	0.0	
269.180000	0.0	
269.204000	0.0	
269.244000	0.0	
269.288000	0.0	
269.336000	0.0	
269.356000	0.0	
269.520000	0.0	
269.560000	0.0	loop
269.648000	0.0	
269.976000	0.0	
270.616000	0.0	
270.792000	0.0	
270.872000	0.0	
270.896000	0.0	
271.028000	0.0	
271.128000	0.0	
271.740000	0.0	loop
271.784000	0.0	
271.868000	0.0	
272.096000	0.0	
272.136000	0.0	
272.172000	0.0	
272.732880	0.0	loop
272.792000	0.0	
272.888000	0.0	
272.924000	0.0	
272.970461	0.0	
272.992000	0.0	
273.012000	0.0	loop
273.176000	0.0	
273.660000	0.0	
273.784000	0.0	
273.808000	0.0	
273.888000	0.0	
274.088000	0.0	
274.112000	0.0	loop
274.196000	0.0	
274.304000	0.0	
274.460000	0.0	
274.488000	0.0	
274.700000	0.0	
274.748000	0.0	
274.816000	0.0	loop
274.872000	0.0	
274.992000	0.0	
275.088000	0.0	
275.200000	0.0	
275.344000	0.0	
275.372000	0.0	loop
275.448000	0.0	
275.488000	0.0	
275.568000	0.0	
275.692000	0.0	
275.744000	0.0	
275.960000	0.0	loop
276.248000	0.0	
276.312000	0.0	
276.360000	0.0	
276.436000	0.0	
276.520000	0.0	
276.764000	0.0	loop
276.940000	0.0	
277.172000	0.0	
277.276000	0.0	
277.652000	0.0	
277.728000	0.0	
277.864000	0.0	
278.028000	0.0	
278.076000	0.0	loop
278.132000	0.0	
278.168000	0.0	
278.307130	0.0	
278.320000	0.0	
278.323100	0.0	loop
278.436000	0.0	
278.520000	0.0	
278.580000	0.0	
278.604000	0.0	
278.660000	0.0	
278.700000	0.0	
278.920000	0.0	loop
279.184000	0.0	
279.240000	0.0	
279.420000	0.0	
279.468000	0.0	
279.508306	0.0	loop
280.120000	0.0	
280.436000	0.0	
280.616000	0.0	
280.800000	0.0	
280.900000	0.0	
281.092000	0.0	
281.152000	0.0	
281.260000	0.0	
281.760322	0.0	loop
281.892000	0.0	
281.980000	0.0	
282.176000	0.0	
282.216000	0.0	
282.316000	0.0	
282.760000	0.0	loop
282.916000	0.0	
282.944000	0.0	
282.988000	0.0	
283.004000	0.0	
283.296000	0.0	loop
283.360000	0.0	
283.380000	0.0	
283.520000	0.0	
283.564000	0.0	
283.596000	0.0	
283.616000	0.0	
283.640000	0.0	
283.724000	0.0	
283.880000	0.0	loop
284.044000	0.0	
284.144000	0.0	
284.208000	0.0	
284.420000	0.0	
284.456000	0.0	
284.608000	0.0	loop
284.732000	0.0	
284.792000	0.0	
284.884000	0.0	
284.952000	0.0	
285.260000	0.0	
285.424000	0.0	loop
285.684000	0.0	
285.704000	0.0	
285.728000	0.0	
285.760000	0.0	
285.804000	0.0	
285.856000	0.0	
285.872000	0.0	
286.076000	0.0	loop
286.120000	0.0	
286.164000	0.0	
286.220000	0.0	
286.248000	0.0	
286.284000	0.0	
286.328000	0.0	
286.400000	0.0	
286.612000	0.0	
286.880000	0.0	loop
287.168000	0.0	
287.200000	0.0	
287.380000	0.0	
287.396000	0.0	
287.460000	0.0	
287.724000	0.0	
287.760000	0.0	loop
287.780000	0.0	
287.840000	0.0	
287.872000	0.0	
287.912000	0.0	
288.012000	0.0	
289.506400	0.0	loop
289.576000	0.0	
289.704000	0.0	
289.788000	0.0	
289.828000	0.0	
289.848000	0.0	
289.892000	0.0	
289.916000	0.0	
289.952000	0.0	
290.497600	0.0	loop
291.140000	0.0	
291.288000	0.0	
291.336000	0.0	
291.520000	0.0	
291.780000	0.0	
291.804000	0.0	loop
291.960000	0.0	
292.200000	0.0	
292.556000	0.0	
292.636000	0.0	
292.720000	0.0	loop
292.856000	0.0	
293.088000	0.0	
293.216000	0.0	
293.528000	0.0	
293.651336	0.0	
293.696000	0.0	loop
293.748000	0.0	
293.800000	0.0	
293.848000	0.0	
294.004000	0.0	
294.172000	0.0	
294.316000	0.0	
294.348000	0.0	loop
294.500000	0.0	
294.632000	0.0	
294.800000	0.0	
294.908000	0.0	
294.932000	0.0	
295.148000	0.0	
295.188000	0.0	
295.252000	0.0	
295.706764	0.0	loop
295.976000	0.0	
296.052000	0.0	
296.224000	0.0	
296.336000	0.0	
296.388000	0.0	
296.480000	0.0	
296.528000	0.0	loop
296.624000	0.0	
296.692000	0.0	
296.896000	0.0	
297.156000	0.0	
297.188000	0.0	
297.224000	0.0	
297.436000	0.0	
297.580013	0.0	loop
297.664000	0.0	
297.771455	0.0	
297.860000	0.0	
298.072000	0.0	
298.124000	0.0	
298.344000	0.0	
298.380000	0.0	
298.764000	0.0	
298.980000	0.0	
298.993183	0.0	loop
299.104000	0.0	
299.304000	0.0	
299.372000	0.0	
299.656000	0.0	
299.740000	0.0	
299.964000	0.0	
300.136000	0.0	
300.296000	0.0	
300.630732	0.0	
300.736450	0.0	loop
301.032000	0.0	
301.268000	0.0	
301.324000	0.0	
301.552000	0.0	
301.712000	0.0	
301.820000	0.0	
301.904000	0.0	
301.964000	0.0	loop
302.320000	0.0	
302.856000	0.0	
302.936000	0.0	
303.092000	0.0	
303.220000	0.0	
303.456000	0.0	loop
303.576000	0.0	
303.720000	0.0	
303.848000	0.0	
304.400000	0.0	
304.944000	0.0	
305.004000	0.0	loop
305.080000	0.0	
305.160000	0.0	
305.264000	0.0	
305.536000	0.0	
305.784000	0.0	
305.932000	0.0	
305.956000	0.0	loop
306.104000	0.0	
306.160000	0.0	
306.220000	0.0	
306.416000	0.0	
306.646744	0.0	
309.199830	0.0	loop
309.632000	0.0	
310.304000	0.0	
310.344000	0.0	
310.484000	0.0	
310.524000	0.0	
310.676000	0.0	loop
310.736000	0.0	
310.880000	0.0	
310.948000	0.0	
311.288000	0.0	
311.408000	0.0	
311.516000	0.0	loop
311.752000	0.0	
311.836000	0.0	
311.916000	0.0	
312.136000	0.0	
312.456000	0.0	
312.500000	0.0	loop
312.584000	0.0	
312.636000	0.0	
312.756000	0.0	
312.932000	0.0	
313.132000	0.0	
313.292000	0.0	
313.460000	0.0	loop
313.556000	0.0	
313.620000	0.0	
313.692000	0.0	
313.776000	0.0	
313.872000	0.0	
314.056000	0.0	
314.080000	0.0	loop
314.216000	0.0	
314.252000	0.0	
314.372000	0.0	
314.476000	0.0	
314.772000	0.0	
318.160000	0.0	loop
318.400000	0.0	
318.516000	0.0	
318.704000	0.0	
318.928000	0.0	
318.980000	0.0	
318.992000	0.0	loop
319.216000	0.0	
319.384000	0.0	
319.604000	0.0	
319.628000	0.0	
319.760000	0.0	
319.872000	0.0	
320.020000	0.0	
320.124000	0.0	loop
320.212000	0.0	
320.292000	0.0	
320.360000	0.0	
320.404000	0.0	
320.598332	0.0	
320.852000	0.0	loop
321.040000	0.0	
321.136000	0.0	
321.216000	0.0	
321.380000	0.0	
321.476000	0.0	
321.520000	0.0	loop
321.814914	0.0	
322.148000	0.0	
322.216000	0.0	
322.260000	0.0	
322.420000	0.0	
322.452000	0.0	loop
322.516000	0.0	
322.748000	0.0	
322.840000	0.0	
322.960000	0.0	
323.167359	0.0	
323.348000	0.0	loop
323.488000	0.0	
323.596000	0.0	
323.828000	0.0	
323.988000	0.0	
324.344000	0.0	
327.099670	0.0	loop
327.552000	0.0	
327.648000	0.0	
327.756000	0.0	
328.004000	0.0	
328.164000	0.0	loop
328.276000	0.0	
328.512000	0.0	
328.684000	0.0	
328.836000	0.0	
328.992000	0.0	
329.103088	0.0	
329.152000	0.0	loop
329.292000	0.0	
329.372000	0.0	
329.620000	0.0	
329.708000	0.0	
329.880000	0.0	
330.092000	0.0	
330.152000	0.0	loop
330.224000	0.0	
330.440000	0.0	
330.660000	0.0	
331.188000	0.0	
331.376000	0.0	
332.144000	0.0	
332.340000	0.0	loop
332.404000	0.0	
332.516000	0.0	
332.644000	0.0	
332.768000	0.0	
333.184000	0.0	
333.240000	0.0	loop
333.496000	0.0	
333.640000	0.0	
333.748000	0.0	
333.872000	0.0	
334.860780	0.0	loop
335.008000	0.0	
335.100000	0.0	
335.172000	0.0	
335.340000	0.0	
335.484000	0.0	
335.728000	0.0	
336.152000	0.0	loop
336.296000	0.0	
336.404000	0.0	
336.520000	0.0	
336.636000	0.0	
336.808000	0.0	
337.028000	0.0	
337.168000	0.0	loop
337.300000	0.0	
337.416000	0.0	
337.532000	0.0	
337.656000	0.0	
337.784000	0.0	
337.920000	0.0	
338.024000	0.0	loop
338.132000	0.0	
338.236000	0.0	
338.356000	0.0	
338.484000	0.0	
338.640000	0.0	
338.756000	0.0	
338.984000	0.0	loop
339.136000	0.0	
339.420000	0.0	
339.536000	0.0	
339.644000	0.0	
339.784000	0.0	
339.888000	0.0	
339.992000	0.0	loop
340.100000	0.0	
340.200000	0.0	
340.308000	0.0	
340.420000	0.0	
340.524000	0.0	
340.652000	0.0	
340.756000	0.0	loop
340.928000	0.0	
341.060000	0.0	
341.160000	0.0	
341.268000	0.0	
341.368000	0.0	
341.496000	0.0	
341.600000	0.0	loop
341.732000	0.0	
341.836000	0.0	
341.952000	0.0	
342.076000	0.0	
342.248000	0.0	
342.384000	0.0	
342.488000	0.0	loop
342.592000	0.0	
342.724000	0.0	
342.828000	0.0	
342.932000	0.0	
343.032000	0.0	
343.168000	0.0	
343.408000	0.0	loop
343.719150	0.0	
344.268000	0.0	
348.576000	0.0	
348.676000	0.0	
349.488000	0.0	
349.628000	0.0	
351.892000	0.0	
352.844000	0.0	
352.968000	0.0	
353.072000	0.0	
353.196000	0.0	
353.324000	0.0	loop
353.480000	0.0	
353.680000	0.0	
353.864000	0.0	
354.044000	0.0	
354.192000	0.0	
354.464000	0.0	
354.568000	0.0	loop
354.832000	0.0	
354.968000	0.0	
355.104000	0.0	
355.716000	0.0	
355.844000	0.0	
355.972000	0.0	
356.120000	0.0	loop
356.296000	0.0	
356.488000	0.0	
356.760000	0.0	
356.880000	0.0	
357.060000	0.0	
357.164000	0.0	
357.332000	0.0	
357.640000	0.0	
358.028000	0.0	loop
358.140000	0.0	
358.276000	0.0	
358.396000	0.0	
358.628000	0.0	
358.728000	0.0	
358.836000	0.0	
358.948000	0.0	loop
359.052000	0.0	
359.156000	0.0	
359.292000	0.0	
359.396000	0.0	
359.524000	0.0	
359.640000	0.0	
359.784000	0.0	loop
360.016000	0.0	
360.128000	0.0	
360.228000	0.0	
360.328000	0.0	
360.428000	0.0	
360.556000	0.0	
360.692000	0.0	loop
360.820000	0.0	
360.924000	0.0	
361.092000	0.0	
361.200000	0.0	
361.304000	0.0	
361.404000	0.0	
361.504000	0.0	loop
361.636000	0.0	
361.736000	0.0	
361.840000	0.0	
361.940000	0.0	
362.104000	0.0	
362.236000	0.0	
362.412000	0.0	loop
362.572000	0.0	
362.720000	0.0	
362.836000	0.0	
362.936000	0.0	
363.040000	0.0	
363.200000	0.0	
363.312000	0.0	
371.908000	0.0	loop
372.036000	0.0	
372.180000	0.0	
372.328000	0.0	
372.524000	0.0	
372.640000	0.0	
372.808000	0.0	
372.968000	0.0	loop
373.144000	0.0	
373.284000	0.0	
373.432000	0.0	
373.544000	0.0	
373.676000	0.0	
373.780000	0.0	
373.884000	0.0	
374.249080	0.0	
376.784000	0.0	
377.008000	0.0	loop
377.144000	0.0	
377.268000	0.0	
377.388000	0.0	
377.508000	0.0	
377.632000	0.0	
377.780000	0.0	
377.908000	0.0	loop
378.032000	0.0	
378.164000	0.0	
378.284000	0.0	
378.396000	0.0	
378.512000	0.0	
378.616000	0.0	
378.728000	0.0	
379.038180	0.0	
380.516000	0.0	
380.732000	0.0	loop
380.880000	0.0	
381.016000	0.0	
381.224000	0.0	
381.324000	0.0	
381.488000	0.0	
381.592000	0.0	
381.728000	0.0	
381.828000	0.0	
381.992000	0.0	
382.108000	0.0	
382.280000	0.0	
382.648000	0.0	loop
382.752000	0.0	
382.864000	0.0	
383.392000	0.0	
383.516000	0.0	
383.784000	0.0	
384.004000	0.0	
384.188000	0.0	loop
384.444000	0.0	
384.576000	0.0	
384.708000	0.0	
384.864000	0.0	
385.024000	0.0	
385.244000	0.0	
385.384000	0.0	loop
385.496000	0.0	
385.620000	0.0	
385.776000	0.0	
386.140000	0.0	
386.260000	0.0	
386.432000	0.0	
386.548000	0.0	loop
386.680000	0.0	
386.784000	0.0	
386.900000	0.0	
387.012000	0.0	
387.116000	0.0	
387.220000	0.0	
387.340000	0.0	
387.460000	0.0	loop
387.564000	0.0	
387.724000	0.0	
387.936000	0.0	
388.380000	0.0	
388.556000	0.0	
388.748000	0.0	
388.892000	0.0	loop
389.044000	0.0	
389.152000	0.0	
389.272000	0.0	
389.396000	0.0	
389.596000	0.0	
389.713600	0.0	
390.116000	0.0	loop
390.260000	0.0	
390.368000	0.0	
390.480000	0.0	
390.592000	0.0	
390.740000	0.0	
390.844000	0.0	
391.032000	0.0	loop
391.160000	0.0	
391.272000	0.0	
391.617580	0.0	
391.844000	0.0	
393.064000	0.0	
393.344000	0.0	
393.488000	0.0	loop
393.628000	0.0	
393.765700	0.0	
400.612000	0.0	
400.768000	0.0	
406.096000	0.0	loop
407.460000	0.0	
407.636000	0.0	
407.764000	0.0	
407.952000	0.0	
408.228000	0.0	
408.344000	0.0	
408.448000	0.0	loop
408.588000	0.0	
408.760000	0.0	
408.916000	0.0	
409.064000	0.0	
409.168000	0.0	
409.284000	0.0	
409.388000	0.0	loop
409.496000	0.0	
410.120000	0.0	
410.832000	0.0	
410.996000	0.0	
411.244000	0.0	
411.348000	0.0	
411.452000	0.0	loop
411.568000	0.0	
411.736000	0.0	
411.924000	0.0	
412.360000	0.0	
413.112000	0.0	
413.520000	0.0	
413.680000	0.0	loop
414.092000	0.0	
414.612000	0.0	
415.198900	0.0	
415.732000	0.0	
418.136000	0.0	
418.284000	0.0	
418.488000	0.0	loop
418.660000	0.0	
420.136000	0.0	
420.400000	0.0	
420.560000	0.0	
420.720000	0.0	
420.848000	0.0	
421.008000	0.0	
421.152000	0.0	
421.484000	0.0	
421.764000	0.0	
421.876000	0.0	
422.012000	0.0	
423.956000	0.0	loop
424.060000	0.0	
424.300000	0.0	
424.500000	0.0	
424.616000	0.0	
424.732000	0.0	
424.948000	0.0	
425.056000	0.0	loop
425.272000	0.0	
425.376000	0.0	
425.508000	0.0	
425.608000	0.0	
425.716000	0.0	
425.864000	0.0	
426.028000	0.0	loop
426.204000	0.0	
426.340000	0.0	
426.460000	0.0	
426.655060	0.0	
427.596000	0.0	
428.440000	0.0	
430.368000	0.0	
431.244000	0.0	
432.348000	0.0	
432.932000	0.0	loop
433.048000	0.0	
433.196000	0.0	
433.324000	0.0	
434.552000	0.0	
434.832000	0.0	
435.048000	0.0	
435.336000	0.0	loop
435.476000	0.0	
435.848000	0.0	
436.208000	0.0	
437.046000	0.0	
437.520000	0.0	
440.392000	0.0	
442.836000	0.0	loop
442.964000	0.0	
443.068000	0.0	
443.184000	0.0	
443.320000	0.0	
443.472000	0.0	
443.612000	0.0	
443.736000	0.0	loop
443.852000	0.0	
444.036000	0.0	
444.296000	0.0	
444.588000	0.0	
444.876000	0.0	
445.260000	0.0	
445.436000	0.0	loop
445.592000	0.0	
445.696000	0.0	
445.836000	0.0	
446.008000	0.0	
446.424000	0.0	
446.620000	0.0	
446.764000	0.0	loop
447.028000	0.0	
447.160000	0.0	
447.280000	0.0	
448.204000	0.0	
448.408000	0.0	
448.520000	0.0	
448.992000	0.0	
449.248000	0.0	
449.376000	0.0	
449.616000	0.0	
449.776000	0.0	
449.880000	0.0	loop
449.988000	0.0	
450.212000	0.0	
450.356000	0.0	
450.592000	0.0	
450.704000	0.0	
450.808000	0.0	
450.972000	0.0	loop
451.132000	0.0	
451.276000	0.0	
451.528000	0.0	
451.784000	0.0	
451.948000	0.0	
452.064000	0.0	
452.180000	0.0	loop
452.384000	0.0	
452.532000	0.0	
452.832000	0.0	
453.084000	0.0	
453.348000	0.0	
453.616000	0.0	
454.280000	0.0	loop
454.452000	0.0	
454.588000	0.0	
454.760000	0.0	
454.960000	0.0	
455.152000	0.0	
455.352000	0.0	
455.476000	0.0	loop
455.592000	0.0	
455.792000	0.0	
455.920000	0.0	
456.024000	0.0	
456.152000	0.0	
456.252000	0.0	
456.392000	0.0	loop
456.496000	0.0	
456.596000	0.0	
456.696000	0.0	
456.828000	0.0	
456.944000	0.0	
457.044000	0.0	
457.168000	0.0	loop
457.296000	0.0	
457.396000	0.0	
457.524000	0.0	
457.628000	0.0	
457.760000	0.0	
457.988000	0.0	
458.160000	0.0	
458.268000	0.0	loop
458.368000	0.0	
458.488000	0.0	
458.620000	0.0	
458.720000	0.0	
458.828000	0.0	
458.944000	0.0	
459.072000	0.0	loop
459.192000	0.0	
459.308000	0.0	
459.428000	0.0	
459.540000	0.0	
459.652000	0.0	
459.824000	0.0	
460.124000	0.0	loop
460.360000	0.0	
460.608000	0.0	
460.840000	0.0	
460.976000	0.0	
461.156000	0.0	
461.320000	0.0	
461.456000	0.0	loop
461.628000	0.0	
461.792000	0.0	
461.892000	0.0	
462.012000	0.0	
462.136000	0.0	
462.260000	0.0	
462.760000	0.0	loop
462.888000	0.0	
463.096000	0.0	
463.236000	0.0	
463.344000	0.0	
463.538480	0.0	
463.960000	0.0	
464.060000	0.0	
464.188000	0.0	loop
464.308000	0.0	
464.596000	0.0	
464.736000	0.0	
464.836000	0.0	
464.960000	0.0	
465.264000	0.0	
465.428000	0.0	loop
465.680000	0.0	
465.808000	0.0	
465.996000	0.0	
466.556000	0.0	
466.748000	0.0	
466.980000	0.0	
467.296000	0.0	
467.400000	0.0	
467.848000	0.0	
468.021640	0.0	
468.160000	0.0	
468.472000	0.0	loop
468.588000	0.0	
468.784000	0.0	
468.912000	0.0	
469.024000	0.0	
469.136000	0.0	
469.276000	0.0	
469.428000	0.0	
469.592000	0.0	
469.736000	0.0	
469.848000	0.0	
469.968000	0.0	
470.068000	0.0	
470.240000	0.0	loop
470.428000	0.0	
470.776000	0.0	
471.016000	0.0	
471.220000	0.0	
471.420000	0.0	
471.564000	0.0	
471.816000	0.0	loop
471.964000	0.0	
472.072000	0.0	
472.180000	0.0	
472.300000	0.0	
472.412000	0.0	
472.516000	0.0	
472.620000	0.0	loop
472.748000	0.0	
472.864000	0.0	
472.980000	0.0	
473.284000	0.0	
473.400000	0.0	
473.517500	0.0	
473.784000	0.0	loop
474.056000	0.0	
475.104000	0.0	
475.608000	0.0	
475.832000	0.0	
475.964000	0.0	
476.164000	0.0	
477.248000	0.0	loop
477.352000	0.0	
477.504000	0.0	
477.620000	0.0	
478.076000	0.0	
478.236000	0.0	
478.336000	0.0	
478.436000	0.0	loop
478.772000	0.0	
478.884000	0.0	
479.012000	0.0	
480.528000	0.0	
480.644000	0.0	
481.622500	0.0	
482.752000	0.0	
482.980000	0.0	
485.032000	0.0	
485.240000	0.0	loop
485.380000	0.0	
485.684000	0.0	
485.792000	0.0	
485.984000	0.0	
486.176000	0.0	
486.304000	0.0	
486.452000	0.0	
486.576000	0.0	
486.680000	0.0	
486.808000	0.0	
487.592000	0.0	
487.830570	0.0	
487.968000	0.0	loop
488.360000	0.0	
488.876000	0.0	
488.976000	0.0	
489.116000	0.0	
489.360000	0.0	
489.516000	0.0	
489.936000	0.0	loop
490.044000	0.0	
490.160000	0.0	
490.276000	0.0	
490.388000	0.0	
490.668000	0.0	
491.316000	0.0	
491.448000	0.0	loop
491.820000	0.0	
491.968000	0.0	
492.140000	0.0	
492.288000	0.0	
492.504000	0.0	
492.648000	0.0	
492.916000	0.0	loop
493.064000	0.0	
493.344000	0.0	
493.652000	0.0	
494.104000	0.0	
494.216000	0.0	
494.360000	0.0	
494.504000	0.0	
494.671400	0.0	
494.788000	0.0	loop
494.984000	0.0	
495.268000	0.0	
495.408000	0.0	
495.756000	0.0	
496.140000	0.0	
496.660000	0.0	
497.132000	0.0	loop
497.232000	0.0	
497.416000	0.0	
497.852000	0.0	
498.448000	0.0	
498.764000	0.0	
498.864000	0.0	
499.016000	0.0	loop
499.216000	0.0	
499.344000	0.0	
499.456000	0.0	
499.556000	0.0	
499.956000	0.0	
500.188000	0.0	
500.300000	0.0	
501.040200	0.0	
501.576000	0.0	
501.692000	0.0	
502.932000	0.0	
503.304000	0.0	
503.448000	0.0	loop
503.576000	0.0	
503.688000	0.0	
503.988000	0.0	
504.136000	0.0	
504.348000	0.0	
504.664000	0.0	
504.836000	0.0	loop
505.072000	0.0	
505.456000	0.0	
505.804000	0.0	
505.912000	0.0	
506.072000	0.0	
506.176000	0.0	
506.348000	0.0	
507.135220	0.0	
508.228000	0.0	
515.192000	0.0	loop
516.088000	0.0	
516.328000	0.0	
516.436000	0.0	
516.848000	0.0	
517.004000	0.0	
517.127260	0.0	
517.320000	0.0	loop
517.652000	0.0	
517.780000	0.0	
519.536000	0.0	
520.032000	0.0	
520.136000	0.0	
520.248000	0.0	
520.624000	0.0	loop
520.780000	0.0	
521.016000	0.0	
521.124000	0.0	
521.416000	0.0	
521.532000	0.0	
521.644000	0.0	
521.744000	0.0	loop
521.868000	0.0	
522.000000	0.0	
522.108000	0.0	
522.216000	0.0	
522.336000	0.0	
522.456000	0.0	
522.572000	0.0	loop
522.764000	0.0	
522.964000	0.0	
523.076000	0.0	
523.200000	0.0	
523.324000	0.0	
523.424000	0.0	
523.760000	0.0	loop
523.868000	0.0	
524.004000	0.0	
524.180000	0.0	
524.284000	0.0	
524.404000	0.0	
524.508000	0.0	
524.676640	0.0	
524.796000	0.0	
524.904000	0.0	loop
526.140000	0.0	
526.268000	0.0	
526.392000	0.0	
526.616000	0.0	
526.840000	0.0	
526.944000	0.0	
527.240000	0.0	loop
527.432000	0.0	
527.572000	0.0	
527.864000	0.0	
528.324000	0.0	
528.460000	0.0	
528.608000	0.0	
528.738700	0.0	
528.868000	0.0	loop
529.220000	0.0	
529.412000	0.0	
529.716000	0.0	
529.892000	0.0	
530.044000	0.0	
530.232000	0.0	
530.432000	0.0	loop
530.704000	0.0	
530.856000	0.0	
530.964000	0.0	
531.096000	0.0	
531.596000	0.0	
531.956000	0.0	
533.652000	0.0	loop
533.796000	0.0	
534.448000	0.0	
534.572000	0.0	
534.768000	0.0	
534.988000	0.0	
535.420000	0.0	
535.528000	0.0	
535.796000	0.0	
535.918500	0.0	
538.256000	0.0	loop
538.404000	0.0	
538.508000	0.0	
538.620000	0.0	
538.728000	0.0	
538.860000	0.0	
539.008000	0.0	
539.300000	0.0	loop
539.440000	0.0	
539.564000	0.0	
539.952000	0.0	
540.056000	0.0	
540.188000	0.0	
540.328000	0.0	
540.600000	0.0	loop
540.756000	0.0	
541.072000	0.0	
541.188000	0.0	
541.412000	0.0	
542.329600	0.0	
545.640000	0.0	
545.780000	0.0	loop
546.092000	0.0	
546.228000	0.0	
546.456000	0.0	
546.840000	0.0	
547.076000	0.0	
547.216000	0.0	
547.332000	0.0	loop
547.460000	0.0	
547.592000	0.0	
547.700000	0.0	
547.880000	0.0	
547.992000	0.0	
548.156000	0.0	
548.400000	0.0	
548.516000	0.0	
548.652000	0.0	
548.850100	0.0	
548.968000	0.0	loop
549.124000	0.0	
549.272000	0.0	
549.560000	0.0	
549.944000	0.0	
550.056000	0.0	loop
550.208000	0.0	
550.316000	0.0	
550.416000	0.0	
550.560000	0.0	
550.672000	0.0	
550.780000	0.0	
550.988000	0.0	
553.272000	0.0	
553.632000	0.0	
553.996000	0.0	
554.136000	0.0	
555.008000	0.0	loop
555.300000	0.0	
555.568000	0.0	
555.788000	0.0	
555.948000	0.0	
556.416000	0.0	
556.568000	0.0	
556.776000	0.0	loop
556.908000	0.0	
557.116000	0.0	
557.316000	0.0	
557.536000	0.0	
557.644000	0.0	
557.804000	0.0	
557.988000	0.0	loop
558.100000	0.0	
558.236000	0.0	
558.340000	0.0	
558.444000	0.0	
558.576000	0.0	
558.724000	0.0	
558.852000	0.0	loop
558.956000	0.0	
559.084000	0.0	
559.192000	0.0	
559.296000	0.0	
559.420000	0.0	
559.520000	0.0	
559.676000	0.0	loop
559.916000	0.0	
560.256000	0.0	
560.368000	0.0	
560.480000	0.0	
560.592000	0.0	
560.696000	0.0	
560.836000	0.0	
560.956000	0.0	
561.100000	0.0	
561.200600	0.0	
561.380000	0.0	loop
561.864000	0.0	
562.304000	0.0	
562.412000	0.0	
562.640000	0.0	
562.932000	0.0	
563.096000	0.0	
563.296000	0.0	loop
563.456000	0.0	
563.556000	0.0	
563.784000	0.0	
563.896000	0.0	
564.024000	0.0	
564.180000	0.0	
564.364000	0.0	loop
564.524000	0.0	
564.732000	0.0	
564.992000	0.0	
565.120000	0.0	
566.272000	0.0	
567.252000	0.0	
567.692000	0.0	loop
567.864000	0.0	
567.968000	0.0	
568.132000	0.0	
568.256000	0.0	
568.408000	0.0	
568.524000	0.0	
568.636000	0.0	loop
568.736000	0.0	
568.928000	0.0	
569.096000	0.0	
569.276000	0.0	
569.400000	0.0	
569.544000	0.0	
569.696000	0.0	loop
569.844000	0.0	
569.952000	0.0	
570.112000	0.0	
570.232000	0.0	
570.556000	0.0	
570.696000	0.0	
570.840000	0.0	loop
570.944000	0.0	
571.060000	0.0	
571.184000	0.0	
571.300000	0.0	
571.452000	0.0	
571.556000	0.0	
571.720000	0.0	
571.876000	0.0	loop
572.244000	0.0	
572.352000	0.0	
572.540000	0.0	
572.676000	0.0	
572.872000	0.0	
573.008000	0.0	loop
573.120000	0.0	
573.232000	0.0	
573.380000	0.0	
573.560000	0.0	
573.704000	0.0	
573.876000	0.0	
574.112000	0.0	loop
574.292000	0.0	
574.472000	0.0	
574.752000	0.0	
574.912000	0.0	
575.176000	0.0	
575.340000	0.0	
576.028000	0.0	loop
576.256000	0.0	
576.400000	0.0	
576.820000	0.0	
576.960000	0.0	
577.088000	0.0	
577.204000	0.0	
577.340000	0.0	loop
577.705200	0.0	
577.956000	0.0	
578.160000	0.0	
578.488000	0.0	
578.620000	0.0	
578.876000	0.0	
579.176000	0.0	
579.656000	0.0	
579.808000	0.0	
579.984000	0.0	loop
580.172000	0.0	
580.284000	0.0	
580.396000	0.0	
580.524000	0.0	
580.632000	0.0	
580.832640	0.0	
580.956000	0.0	loop
581.104000	0.0	
581.212000	0.0	
581.812000	0.0	
581.964000	0.0	
582.140000	0.0	
582.352000	0.0	
582.776000	0.0	loop
583.220000	0.0	
583.428000	0.0	
583.564000	0.0	
584.448000	0.0	
584.612000	0.0	
584.728000	0.0	
584.904000	0.0	loop
585.156000	0.0	
585.328000	0.0	
585.644000	0.0	
585.764000	0.0	
585.960000	0.0	
586.144000	0.0	
586.332000	0.0	
586.464000	0.0	
586.580000	0.0	
587.228000	0.0	
587.567900	0.0	
587.668000	0.0	loop
587.820000	0.0	
587.940000	0.0	
588.180000	0.0	
588.336000	0.0	
588.448000	0.0	
588.768000	0.0	
588.876000	0.0	loop
589.008000	0.0	
589.152000	0.0	
589.280000	0.0	
589.440000	0.0	
589.768000	0.0	
589.996000	0.0	
590.108000	0.0	
590.236000	0.0	loop
590.348000	0.0	
590.472000	0.0	
590.620000	0.0	
590.768000	0.0	
590.892000	0.0	
591.004000	0.0	
591.120000	0.0	loop
591.228000	0.0	
591.376000	0.0	
591.528000	0.0	
591.644000	0.0	
591.756000	0.0	
591.876000	0.0	
592.016000	0.0	loop
592.168000	0.0	
592.364000	0.0	
592.500000	0.0	
592.648000	0.0	
592.840000	0.0	
593.092000	0.0	
593.768000	0.0	loop
594.184000	0.0	
594.288000	0.0	
594.472000	0.0	
594.712000	0.0	
594.908000	0.0	
595.176000	0.0	
595.321900	0.0	
595.756000	0.0	
603.132000	0.0	
603.464000	0.0	loop
603.576000	0.0	
603.976000	0.0	
604.108000	0.0	
604.228000	0.0	
604.348000	0.0	
604.524000	0.0	
604.628000	0.0	loop
604.748000	0.0	
604.888000	0.0	
605.000000	0.0	
605.120000	0.0	
605.392000	0.0	
605.512000	0.0	
605.628000	0.0	
605.744000	0.0	
605.868000	0.0	
606.068000	0.0	
607.122000	0.0	
611.268000	0.0	
612.652000	0.0	loop
612.836000	0.0	
613.484000	0.0	
614.356000	0.0	
614.840000	0.0	
614.948000	0.0	
616.092000	0.0	
616.647100	0.0	
616.992000	0.0	loop
618.144000	0.0	
618.268000	0.0	
618.416000	0.0	
618.540000	0.0	
618.884000	0.0	
619.108000	0.0	
619.228000	0.0	loop
619.396000	0.0	
619.980000	0.0	
620.112000	0.0	
620.272000	0.0	
620.384000	0.0	
620.492000	0.0	
620.648000	0.0	loop
620.764000	0.0	
620.968000	0.0	
621.124000	0.0	
621.336000	0.0	
621.492000	0.0	
621.620000	0.0	
621.724000	0.0	
622.152000	0.0	
622.292000	0.0	
622.498000	0.0	
622.980000	0.0	loop
623.108000	0.0	
623.256000	0.0	
623.432000	0.0	
623.772000	0.0	
623.892000	0.0	
624.016000	0.0	
624.140000	0.0	loop
624.264000	0.0	
624.388000	0.0	
624.552000	0.0	
624.656000	0.0	
624.800000	0.0	
624.900000	0.0	
625.004000	0.0	
625.120000	0.0	
625.224000	0.0	
625.377700	0.0	
625.520000	0.0	
632.416000	0.0	
632.524000	0.0	loop
632.712000	0.0	
632.812000	0.0	
632.928000	0.0	
633.163150	0.0	
634.096000	0.0	
634.244000	0.0	
636.292000	0.0	
636.552000	0.0	loop
636.660000	0.0	
636.988000	0.0	
637.488000	0.0	
638.016000	0.0	
638.264000	0.0	
638.396000	0.0	
638.536000	0.0	loop
638.664000	0.0	
638.768000	0.0	
638.920000	0.0	
639.036000	0.0	
639.272000	0.0	
639.620000	0.0	
639.772000	0.0	loop
639.900000	0.0	
640.012000	0.0	
640.260000	0.0	
640.372000	0.0	
640.580000	0.0	
640.740000	0.0	
640.980000	0.0	loop
642.008000	0.0	
643.072000	0.0	
643.240000	0.0	
643.448000	0.0	
643.924000	0.0	
644.380000	0.0	
644.532000	0.0	
645.268000	0.0	
646.596000	0.0	
647.404000	0.0	
647.924000	0.0	
648.128000	0.0	loop
648.304000	0.0	
648.540000	0.0	
648.744000	0.0	
649.724000	0.0	
650.144000	0.0	
650.264000	0.0	
650.884000	0.0	loop
651.052000	0.0	
651.212000	0.0	
651.428000	0.0	
651.560000	0.0	
652.008000	0.0	
652.156000	0.0	
652.276000	0.0	loop
652.408000	0.0	
653.664000	0.0	
654.064000	0.0	
654.260000	0.0	
654.364000	0.0	
654.488000	0.0	
654.620000	0.0	loop
654.752000	0.0	
654.940000	0.0	
655.072000	0.0	
655.304000	0.0	
655.568000	0.0	
655.684000	0.0	
655.800000	0.0	loop
656.116000	0.0	
656.236000	0.0	
656.348000	0.0	
656.496000	0.0	
656.644000	0.0	
656.744000	0.0	
656.880000	0.0	loop
656.988000	0.0	
657.088000	0.0	
657.216000	0.0	
657.340000	0.0	
657.472000	0.0	
657.576000	0.0	
657.692000	0.0	
662.696000	0.0	loop
662.940000	0.0	
663.292000	0.0	
663.428000	0.0	
663.584000	0.0	
664.252000	0.0	
665.156000	0.0	
665.324000	0.0	loop
665.604000	0.0	
665.764000	0.0	
666.216000	0.0	
666.360000	0.0	
666.468000	0.0	
667.656000	0.0	
667.812000	0.0	loop
667.940000	0.0	
668.056000	0.0	
668.272000	0.0	
668.400000	0.0	
668.612000	0.0	
668.872000	0.0	
668.992000	0.0	loop
669.104000	0.0	
669.216000	0.0	
669.376000	0.0	
669.676000	0.0	
670.200870	0.0	
670.436000	0.0	
670.704000	0.0	
670.856000	0.0	
671.108000	0.0	
671.628000	0.0	
671.876000	0.0	loop
672.268000	0.0	
672.384000	0.0	
672.944000	0.0	
673.568000	0.0	
674.448000	0.0	
674.604000	0.0	
674.920000	0.0	loop
675.116000	0.0	
675.364000	0.0	
675.580000	0.0	
675.892000	0.0	
676.096000	0.0	
676.328000	0.0	
676.436000	0.0	loop
676.540000	0.0	
676.696000	0.0	
676.860000	0.0	
677.588000	0.0	
677.784000	0.0	
677.912000	0.0	
678.048000	0.0	
678.488500	0.0	
678.932000	0.0	
679.148000	0.0	
679.300000	0.0	loop
679.448000	0.0	
679.576000	0.0	
679.700000	0.0	
679.876000	0.0	
680.012000	0.0	
680.200000	0.0	
680.312000	0.0	loop
680.424000	0.0	
680.540000	0.0	
680.648000	0.0	
680.756000	0.0	
680.922240	0.0	
681.044000	0.0	
681.168000	0.0	loop
681.364000	0.0	
681.476000	0.0	
681.668000	0.0	
681.804000	0.0	
682.089050	0.0	
682.340000	0.0	
682.480000	0.0	loop
682.588000	0.0	
682.712000	0.0	
682.960000	0.0	
683.672000	0.0	
683.836000	0.0	
683.992000	0.0	
684.136000	0.0	
684.268000	0.0	
684.376000	0.0	
684.480000	0.0	
684.680000	0.0	
684.808000	0.0	
718.284000	0.0	loop
718.420000	0.0	
718.520000	0.0	
718.704000	0.0	
718.848000	0.0	
719.020000	0.0	
719.132000	0.0	
719.244000	0.0	loop
719.420000	0.0	
719.540000	0.0	
719.716000	0.0	
719.820000	0.0	
719.960000	0.0	
720.100000	0.0	
720.436000	0.0	loop
720.536000	0.0	
720.860000	0.0	
721.268000	0.0	
721.588000	0.0	
721.732000	0.0	
721.980000	0.0	
722.108000	0.0	loop
722.228000	0.0	
722.528000	0.0	
722.672000	0.0	
723.112000	0.0	
723.252000	0.0	
723.608000	0.0	
723.756000	0.0	loop
723.944000	0.0	
724.088000	0.0	
724.196000	0.0	
724.360000	0.0	
724.512000	0.0	
724.672000	0.0	
724.936000	0.0	
725.192000	0.0	
725.384000	0.0	
725.556000	0.0	
725.660000	0.0	
725.760000	0.0	
725.912000	0.0	loop
726.104000	0.0	
726.300000	0.0	
726.504000	0.0	
726.652000	0.0	
726.776000	0.0	
726.884000	0.0	
727.292000	0.0	loop
727.444000	0.0	
727.736000	0.0	
727.952000	0.0	
728.096000	0.0	
728.244000	0.0	
728.348000	0.0	
728.464000	0.0	
728.572000	0.0	
728.738100	0.0	
728.908000	0.0	loop
729.028000	0.0	
729.148000	0.0	
729.361848	0.0	
729.546085	0.0	
729.649011	0.0	
729.680000	0.0	loop
729.808000	0.0	
730.116000	0.0	
730.284000	0.0	
730.515870	0.0	
730.704000	0.0	
730.880000	0.0	
731.124000	0.0	loop
731.424000	0.0	
731.684000	0.0	
731.928000	0.0	
732.088000	0.0	
732.480000	0.0	
732.588000	0.0	
732.964000	0.0	loop
733.120000	0.0	
733.236000	0.0	
733.472000	0.0	
733.592000	0.0	
733.700000	0.0	
733.832000	0.0	
733.940000	0.0	loop
734.060000	0.0	
734.180000	0.0	
734.284000	0.0	
734.448000	0.0	
734.720000	0.0	
734.860000	0.0	
734.980000	0.0	
735.094400	0.0	
735.280000	0.0	loop
735.928000	0.0	
736.344000	0.0	
736.632000	0.0	
736.800000	0.0	
736.980000	0.0	
737.248000	0.0	
737.572000	0.0	loop
737.708000	0.0	
737.828000	0.0	
737.976000	0.0	
738.388000	0.0	
738.704000	0.0	
738.952000	0.0	
739.120000	0.0	
739.484000	0.0	
739.752000	0.0	
740.024000	0.0	
740.128000	0.0	
740.355160	0.0	
747.572000	0.0	loop
747.740000	0.0	
747.980000	0.0	
748.112000	0.0	
748.224000	0.0	
748.336000	0.0	
748.452000	0.0	
748.580000	0.0	loop
748.700000	0.0	
748.820000	0.0	
749.124000	0.0	
749.300000	0.0	
749.436000	0.0	
749.752000	0.0	
749.980000	0.0	
750.256000	0.0	
750.452000	0.0	
750.568000	0.0	
750.760000	0.0	
750.862240	0.0	
770.188000	0.0	loop
770.372000	0.0	
770.632000	0.0	
770.872000	0.0	
771.352000	0.0	
771.452000	0.0	
771.556000	0.0	
771.668000	0.0	loop
771.780000	0.0	
771.896000	0.0	
772.008000	0.0	
772.132000	0.0	
772.696000	0.0	
772.880000	0.0	
773.080000	0.0	loop
773.236000	0.0	
773.404000	0.0	
773.784000	0.0	
774.060000	0.0	
774.188000	0.0	
774.368000	0.0	
776.000000	0.0	loop
776.580000	0.0	
776.728000	0.0	
776.968000	0.0	
777.104000	0.0	
777.264000	0.0	
777.392000	0.0	
777.688000	0.0	
778.028000	0.0	loop
778.176000	0.0	
778.656000	0.0	
778.768000	0.0	
779.460000	0.0	
779.580000	0.0	
779.996000	0.0	
781.076000	0.0	loop
781.320000	0.0	
781.432000	0.0	
781.624000	0.0	
781.788000	0.0	
781.904000	0.0	
782.008000	0.0	
782.152000	0.0	loop
782.360000	0.0	
782.588000	0.0	
782.732000	0.0	
783.096000	0.0	
783.288000	0.0	
783.532000	0.0	
784.048000	0.0	loop
784.244000	0.0	
784.592000	0.0	
784.752000	0.0	
784.860000	0.0	
785.328000	0.0	
785.640000	0.0	
785.960000	0.0	loop
786.272000	0.0	
786.444000	0.0	
786.740000	0.0	
787.032000	0.0	
787.280000	0.0	
787.520000	0.0	
787.621340	0.0	loop
787.832000	0.0	
788.084000	0.0	
788.216000	0.0	
788.424000	0.0	
788.612000	0.0	
788.736000	0.0	
788.952000	0.0	
789.100000	0.0	loop
789.232000	0.0	
789.372000	0.0	
789.528000	0.0	
789.678700	0.0	
791.252000	0.0	
792.084000	0.0	
795.068000	0.0	
795.828000	0.0	
797.228000	0.0	
831.060000	0.0	loop
831.292000	0.0	
831.408000	0.0	
831.616000	0.0	
831.856000	0.0	
832.100000	0.0	
832.204000	0.0	
832.424000	0.0	loop
832.552000	0.0	
832.704000	0.0	
833.776000	0.0	
833.956000	0.0	
834.096000	0.0	
834.204000	0.0	
834.344000	0.0	loop
834.600000	0.0	
834.736000	0.0	
834.876000	0.0	
835.060000	0.0	
835.288000	0.0	
835.496000	0.0	
835.656000	0.0	loop
835.956000	0.0	
836.504000	0.0	
836.832000	0.0	
837.404000	0.0	
837.552000	0.0	
837.700000	0.0	
837.864000	0.0	loop
838.156000	0.0	
838.368000	0.0	
838.552000	0.0	
838.912000	0.0	
839.220000	0.0	
839.368000	0.0	
839.488000	0.0	loop
839.668000	0.0	
840.044000	0.0	
840.312000	0.0	
840.532000	0.0	
840.748000	0.0	
840.868000	0.0	
840.984000	0.0	
841.252000	0.0	
841.460000	0.0	
841.844000	0.0	
842.060000	0.0	loop
842.164000	0.0	
842.268000	0.0	
843.904000	0.0	
845.512000	0.0	
845.780000	0.0	
846.120000	0.0	loop
846.640000	0.0	
846.792000	0.0	
846.900000	0.0	
847.016000	0.0	
847.136000	0.0	
847.296000	0.0	
847.480000	0.0	loop
847.604000	0.0	
847.864000	0.0	
848.164000	0.0	
848.348000	0.0	
848.852000	0.0	
849.156000	0.0	
849.356000	0.0	loop
849.732000	0.0	
849.932000	0.0	
850.556000	0.0	
850.684000	0.0	
850.836000	0.0	
850.956000	0.0	
851.068000	0.0	
851.192000	0.0	
851.544000	0.0	
851.656000	0.0	
851.772000	0.0	
851.960000	0.0	loop
852.256000	0.0	
852.480000	0.0	
852.596000	0.0	
852.702000	0.0	
852.832000	0.0	loop
853.076000	0.0	
853.304000	0.0	
853.468000	0.0	
853.596000	0.0	
853.740000	0.0	
853.852000	0.0	
854.712000	0.0	loop
854.896000	0.0	
855.000000	0.0	
855.144000	0.0	
855.276000	0.0	
855.484000	0.0	
855.656000	0.0	
855.952000	0.0	loop
856.096000	0.0	
856.528000	0.0	
856.640000	0.0	
857.216000	0.0	
857.644000	0.0	
857.836000	0.0	
858.048000	0.0	loop
858.152000	0.0	
858.296000	0.0	
858.660000	0.0	
858.788000	0.0	
858.896000	0.0	
859.008000	0.0	
859.120000	0.0	
859.232000	0.0	
859.364000	0.0	
859.488000	0.0	
873.616000	0.0	loop
874.092000	0.0	
874.196000	0.0	
874.428000	0.0	
874.708000	0.0	
874.820000	0.0	
875.052000	0.0	
875.156000	0.0	loop
875.360000	0.0	
875.632000	0.0	
875.816000	0.0	
875.924000	0.0	
876.068000	0.0	
876.200000	0.0	
876.332000	0.0	loop
876.520000	0.0	
877.084000	0.0	
877.544000	0.0	
877.984000	0.0	
878.528000	0.0	
878.692000	0.0	
878.872000	0.0	
879.528000	0.0	
879.720000	0.0	
879.852000	0.0	
879.980000	0.0	
880.153800	0.0	
880.804000	0.0	loop
881.004000	0.0	
881.500000	0.0	
881.636000	0.0	
881.744000	0.0	
881.864000	0.0	loop
881.972000	0.0	
882.356000	0.0	
882.500000	0.0	
882.720000	0.0	
882.824000	0.0	
883.130300	0.0	
883.688000	0.0	
883.852000	0.0	
884.544000	0.0	
886.192000	0.0	loop
886.392000	0.0	
886.680000	0.0	
886.788000	0.0	
887.068000	0.0	
887.168000	0.0	
887.284000	0.0	
887.500000	0.0	loop
887.608000	0.0	
887.720000	0.0	
887.972000	0.0	
888.396000	0.0	
888.588000	0.0	
888.728000	0.0	
888.872000	0.0	loop
889.100000	0.0	
889.544000	0.0	
889.708000	0.0	
890.048000	0.0	
890.428000	0.0	
890.548000	0.0	
890.660000	0.0	
890.960000	0.0	
891.104000	0.0	
891.436000	0.0	
891.596000	0.0	
891.712200	0.0	
892.104000	0.0	loop
892.212000	0.0	
892.484000	0.0	
892.604000	0.0	
893.212000	0.0	
893.464000	0.0	
893.628000	0.0	
893.788000	0.0	loop
893.904000	0.0	
894.156000	0.0	
894.356000	0.0	
894.504000	0.0	
894.796000	0.0	
894.956000	0.0	
895.260000	0.0	loop
895.572000	0.0	
895.724000	0.0	
895.896000	0.0	
896.164000	0.0	
896.360000	0.0	
896.496000	0.0	
896.776000	0.0	loop
897.072000	0.0	
897.400000	0.0	
897.720000	0.0	
898.136000	0.0	
898.308000	0.0	
898.515000	0.0	
898.876000	0.0	loop
899.248000	0.0	
899.492000	0.0	
899.684000	0.0	
899.852000	0.0	
900.140000	0.0	
900.572000	0.0	
900.772000	0.0	loop
901.056000	0.0	
901.244000	0.0	
901.424000	0.0	
901.812000	0.0	
901.920000	0.0	
902.164000	0.0	
902.580000	0.0	
902.704000	0.0	
902.868000	0.0	
903.176000	0.0	
903.420000	0.0	
916.556000	0.0	loop
916.688000	0.0	
916.816000	0.0	
916.988000	0.0	
917.092000	0.0	
917.252000	0.0	
917.364000	0.0	
917.684000	0.0	loop
917.808000	0.0	
917.944000	0.0	
918.120000	0.0	
918.272000	0.0	
918.552000	0.0	
918.756000	0.0	
918.904000	0.0	loop
919.060000	0.0	
919.172000	0.0	
919.392000	0.0	
919.496000	0.0	
919.620000	0.0	
919.744000	0.0	
919.904000	0.0	loop
920.052000	0.0	
920.212000	0.0	
920.384000	0.0	
920.612000	0.0	
921.016000	0.0	
921.200000	0.0	
921.312000	0.0	
921.440000	0.0	loop
921.548000	0.0	
921.828000	0.0	
922.132000	0.0	
922.416000	0.0	
922.560000	0.0	
922.664000	0.0	
922.896000	0.0	loop
923.372000	0.0	
923.492000	0.0	
923.632000	0.0	
923.832000	0.0	
924.084000	0.0	
924.188000	0.0	
924.392000	0.0	loop
924.500000	0.0	
924.856000	0.0	
924.964000	0.0	
925.188000	0.0	
925.600000	0.0	
925.764000	0.0	
926.016000	0.0	loop
926.136000	0.0	
926.328000	0.0	
926.440000	0.0	
926.676000	0.0	
926.788000	0.0	
926.936000	0.0	
927.220000	0.0	
927.432000	0.0	
927.660000	0.0	
927.956000	0.0	
928.148000	0.0	
928.252000	0.0	
928.600000	0.0	loop
928.804000	0.0	
928.912000	0.0	
929.316000	0.0	
929.436000	0.0	
929.652000	0.0	
929.836000	0.0	
929.956000	0.0	loop
930.116000	0.0	
930.436000	0.0	
930.708000	0.0	
930.892000	0.0	
931.088000	0.0	
931.200000	0.0	
931.348000	0.0	
931.472000	0.0	
931.576000	0.0	
931.808000	0.0	loop
931.980000	0.0	
932.184000	0.0	
932.328000	0.0	
933.108000	0.0	
933.448000	0.0	
933.560000	0.0	
933.720000	0.0	loop
933.888000	0.0	
934.364000	0.0	
934.664000	0.0	
934.832000	0.0	
935.048000	0.0	
935.404000	0.0	
935.592000	0.0	
935.708000	0.0	
935.820000	0.0	
935.932000	0.0	
936.100000	0.0	
936.315700	0.0	
936.472000	0.0	loop
936.628000	0.0	
936.808000	0.0	
937.056000	0.0	
937.292000	0.0	
937.608000	0.0	
937.908000	0.0	
938.096000	0.0	loop
938.224000	0.0	
938.432000	0.0	
938.556000	0.0	
938.720000	0.0	
938.856000	0.0	
939.272000	0.0	
939.448000	0.0	loop
939.688000	0.0	
940.144000	0.0	
940.264000	0.0	
940.504000	0.0	
940.688000	0.0	
940.892000	0.0	
941.084000	0.0	loop
941.496000	0.0	
941.700000	0.0	
941.804000	0.0	
942.300000	0.0	
942.764000	0.0	
942.908000	0.0	
943.124000	0.0	loop
943.292000	0.0	
943.420000	0.0	
943.952000	0.0	
944.260000	0.0	
944.536000	0.0	
944.640000	0.0	
944.743040	0.0	
949.344000	0.0	loop
949.652000	0.0	
949.812000	0.0	
950.116000	0.0	
950.373900	0.0	
950.884000	0.0	loop
951.176000	0.0	
951.312000	0.0	
951.528000	0.0	
951.692000	0.0	
951.916000	0.0	
952.216000	0.0	
952.384000	0.0	loop
952.556000	0.0	
953.092000	0.0	
953.204000	0.0	
953.480000	0.0	
953.684000	0.0	
953.856000	0.0	
954.020000	0.0	loop
954.136000	0.0	
954.384000	0.0	
954.804000	0.0	
955.056000	0.0	
955.160000	0.0	
955.352000	0.0	
955.564000	0.0	loop
956.020000	0.0	
956.140000	0.0	
956.308000	0.0	
956.424000	0.0	
956.656000	0.0	
956.932000	0.0	
957.180000	0.0	
957.332000	0.0	
957.552000	0.0	
957.748000	0.0	
964.560000	0.0	loop
964.904000	0.0	
965.116000	0.0	
965.244000	0.0	
965.448000	0.0	
965.728000	0.0	
965.868000	0.0	
966.012000	0.0	loop
966.160000	0.0	
966.412000	0.0	
966.696000	0.0	
967.172000	0.0	
967.368000	0.0	
967.588000	0.0	
967.808000	0.0	loop
968.012000	0.0	
968.420000	0.0	
968.520000	0.0	
968.968000	0.0	
969.188000	0.0	
969.288000	0.0	
969.652000	0.0	loop
969.824000	0.0	
969.964000	0.0	
970.360000	0.0	
970.616000	0.0	
970.852000	0.0	
971.104000	0.0	
971.616000	0.0	loop
971.808000	0.0	
972.536000	0.0	
972.820000	0.0	
972.960000	0.0	
973.176000	0.0	
973.340000	0.0	
973.496000	0.0	loop
973.644000	0.0	
973.872000	0.0	
974.036000	0.0	
974.248000	0.0	
974.348000	0.0	
974.500000	0.0	
974.676000	0.0	loop
975.188000	0.0	
975.400000	0.0	
975.604000	0.0	
975.928000	0.0	
976.068000	0.0	
976.188000	0.0	
976.412000	0.0	loop
976.640000	0.0	
976.756000	0.0	
977.096000	0.0	
977.316000	0.0	
977.428000	0.0	
977.616000	0.0	
977.744000	0.0	
977.848000	0.0	
978.024000	0.0	
978.244000	0.0	
978.472000	0.0	
978.864000	0.0	loop
979.296000	0.0	
979.416000	0.0	
979.840000	0.0	
979.984000	0.0	
980.212000	0.0	
980.316000	0.0	
980.504000	0.0	loop
980.656000	0.0	
980.892000	0.0	
981.056000	0.0	
981.248000	0.0	
981.500000	0.0	
981.836000	0.0	
982.028000	0.0	loop
982.336000	0.0	
982.444000	0.0	
982.668000	0.0	
982.908000	0.0	
983.160000	0.0	
983.484000	0.0	
983.600000	0.0	loop
983.848000	0.0	
983.964000	0.0	
984.492000	0.0	
984.652000	0.0	
985.140000	0.0	
985.316000	0.0	
985.424000	0.0	loop
985.544000	0.0	
985.664000	0.0	
985.964000	0.0	
986.104000	0.0	
986.248000	0.0	
986.436000	0.0	
986.548000	0.0	
986.664000	0.0	
986.778440	0.0	
987.248000	0.0	loop
987.396000	0.0	
987.512000	0.0	
987.660000	0.0	
987.876000	0.0	
988.016000	0.0	
989.124000	0.0	
989.536000	0.0	loop
990.088000	0.0	
990.576000	0.0	
990.804000	0.0	
990.912000	0.0	
991.140000	0.0	
991.288000	0.0	
991.468000	0.0	loop
991.752000	0.0	
992.068000	0.0	
992.208000	0.0	
992.348000	0.0	
992.620000	0.0	
992.932000	0.0	
993.148000	0.0	
993.360000	0.0	
993.831700	0.0	
993.944000	0.0	loop
994.392000	0.0	
994.528000	0.0	
995.004000	0.0	
995.360000	0.0	
995.540000	0.0	
995.828000	0.0	
996.064000	0.0	loop
996.364000	0.0	
996.624000	0.0	
996.884000	0.0	
997.008000	0.0	
997.200000	0.0	
997.492000	0.0	
997.728000	0.0	loop
997.944000	0.0	
998.168000	0.0	
998.288000	0.0	
998.656000	0.0	
998.788000	0.0	
999.264000	0.0	
999.432000	0.0	
999.644000	0.0	
999.968000	0.0	
1000.084000	0.0	
1000.292000	0.0	loop
1000.428000	0.0	
1000.556000	0.0	
1000.708000	0.0	
1000.848000	0.0	
1001.388000	0.0	
1001.492000	0.0	
1001.648000	0.0	loop
1001.756000	0.0	
1001.864000	0.0	
1001.992000	0.0	
1002.232000	0.0	
1002.528000	0.0	
1002.996000	0.0	
1003.476000	0.0	loop
1003.580000	0.0	
1003.696000	0.0	
1003.920000	0.0	
1004.180000	0.0	
1004.488000	0.0	
1004.728000	0.0	
1004.988000	0.0	
1005.172000	0.0	loop
1005.636000	0.0	
1005.868000	0.0	
1006.360000	0.0	
1006.728000	0.0	
1007.004000	0.0	
1007.124000	0.0	
1007.288000	0.0	
1007.416000	0.0	
1007.628000	0.0	loop
1008.152000	0.0	
1008.304000	0.0	
1008.444000	0.0	
1008.632000	0.0	
1008.812000	0.0	
1008.936000	0.0	
1009.052000	0.0	loop
1009.304000	0.0	
1009.416000	0.0	
1009.772000	0.0	
1010.096000	0.0	
1010.212000	0.0	
1010.396000	0.0	
1010.684000	0.0	loop
1011.048000	0.0	
1011.376000	0.0	
1011.480000	0.0	
1011.628000	0.0	
1011.836000	0.0	
1011.988000	0.0	
1012.200000	0.0	loop
1012.484000	0.0	
1012.672000	0.0	
1012.872000	0.0	
1013.012000	0.0	
1013.152000	0.0	
1013.260000	0.0	
1013.364000	0.0	loop
1013.684000	0.0	
1013.960000	0.0	
1014.188000	0.0	
1014.616000	0.0	
1014.916000	0.0	
1015.048000	0.0	
1015.192000	0.0	loop
1015.360000	0.0	
1015.708000	0.0	
1015.848000	0.0	
1016.064000	0.0	
1016.188000	0.0	
1016.328000	0.0	
1016.452000	0.0	
1016.584000	0.0	
1016.708000	0.0	
1016.809100	0.0	
1016.836000	0.0	loop
1016.992000	0.0	
1017.172000	0.0	
1017.412000	0.0	
1017.740000	0.0	
1017.840000	0.0	
1017.944000	0.0	
1018.184000	0.0	
1018.336000	0.0	
1018.696000	0.0	
1019.472800	0.0	
1019.940000	0.0	loop
1020.052000	0.0	
1020.503970	0.0	
1026.868000	0.0	
1027.056000	0.0	
1042.140000	0.0	loop
1042.244000	0.0	
1042.368000	0.0	
1042.508000	0.0	
1042.652000	0.0	
1043.608000	0.0	
1048.068000	0.0	
1052.184000	0.0	loop
1052.296000	0.0	
1052.532000	0.0	
1052.644000	0.0	
1052.837800	0.0	
1057.136000	0.0	
